

TREE # 1

  0  0.0000  26754.001445  x:  0.00994   0.00000   0.24538   0.12036   0.11910   0.01204   0.09939   0.04320   0.07545   0.02477   0.06558   0.04100   0.02618   0.02763   0.04121   0.01661   0.00476   0.06763   0.05751   0.05197   0.07626   0.06724   0.03084   0.02240   0.02438   0.03412   0.00762   0.00973   0.03297   0.06419   0.04799   0.03172   0.02999   0.07408   0.12306   0.17467   0.25070   0.11648   0.12074   0.95957   0.98077  
  1 99.0000  26711.254271  x:  0.02022   0.02321   0.24643   0.12218   0.11917   0.01128   0.09904   0.04523   0.07509   0.02412   0.06427   0.04023   0.02182   0.02617   0.03901   0.01952   0.00665   0.06809   0.05811   0.05133   0.07777   0.06724   0.02921   0.02091   0.02611   0.03127   0.00125   0.00532   0.03290   0.06557   0.04846   0.02954   0.02963   0.07366   0.12284   0.17520   0.25235   0.11670   0.12099   0.96854   0.97606  
  2 4112.9202  26695.006018  x:  0.03030   0.03456   0.24777   0.12420   0.11927   0.00967   0.09839   0.04844   0.07444   0.02325   0.06205   0.03906   0.01527   0.02417   0.03384   0.02285   0.00697   0.06881   0.05909   0.05029   0.08026   0.06725   0.02671   0.01893   0.02843   0.02677   0.01845   0.00399   0.03285   0.06775   0.04920   0.02622   0.02914   0.07294   0.12241   0.17566   0.25518   0.11710   0.12141   0.98497   0.96731  
  3 3685.5187  26627.955260  x:  0.04534   0.02993   0.25183   0.12908   0.11971   0.00589   0.09597   0.05749   0.07217   0.02206   0.05498   0.03619   0.00500   0.02115   0.01348   0.02730   0.00184   0.07097   0.06203   0.04722   0.08825   0.06734   0.02063   0.01638   0.03300   0.01564   0.01528   0.02374   0.03312   0.07414   0.05129   0.01877   0.02843   0.07049   0.12073   0.17601   0.26529   0.11854   0.12274   1.04825   0.93288  
  4 2812.0004  26579.631634  x:  0.05585   0.02586   0.25515   0.13291   0.12016   0.00500   0.09415   0.06368   0.07051   0.02173   0.05013   0.03468   0.01596   0.02048   0.00293   0.03011   0.00747   0.07263   0.06403   0.04524   0.09428   0.06747   0.01779   0.01584   0.03572   0.01216   0.01433   0.02825   0.03342   0.07872   0.05270   0.01608   0.02824   0.06869   0.11947   0.17612   0.27339   0.11964   0.12372   1.10070   0.90393  
  5 9793.4076  26373.738304  x:  0.10708   0.00000   0.27333   0.15332   0.12278   0.00479   0.08469   0.09372   0.06216   0.02103   0.02787   0.02904   0.03616   0.01951   0.03794   0.04277   0.01470   0.08034   0.07353   0.03649   0.12496   0.06835   0.01053   0.01692   0.04721   0.01439   0.00761   0.03966   0.03514   0.10106   0.05939   0.01311   0.02838   0.05955   0.11357   0.17622   0.31762   0.12542   0.12874   1.39423   0.74032  
  6 15336.3353  26373.738304  x:  0.10708   0.00000   0.27333   0.15332   0.12278   0.00479   0.08469   0.09372   0.06216   0.02103   0.02787   0.02904   0.03616   0.01951   0.03794   0.04277   0.01470   0.08034   0.07353   0.03649   0.12496   0.06835   0.01053   0.01692   0.04721   0.01439   0.00761   0.03966   0.03514   0.10106   0.05939   0.01311   0.02838   0.05955   0.11357   0.17622   0.31762   0.12542   0.12874   1.39423   0.74032  
  7 11447.7210  26292.400273  x:  0.09988   0.01237   0.27322   0.15255   0.12266   0.00858   0.08599   0.08890   0.06408   0.02238   0.04130   0.03376   0.02877   0.02259   0.03421   0.03716   0.00735   0.07858   0.07152   0.04033   0.12151   0.06864   0.02384   0.01873   0.04253   0.02244   0.00000   0.02834   0.03489   0.09756   0.05770   0.02385   0.02933   0.06154   0.11422   0.17544   0.31663   0.12476   0.12815   1.39948   0.73526  
  8 4116.3192  26246.422835  x:  0.09265   0.02458   0.27310   0.15177   0.12254   0.01232   0.08729   0.08405   0.06599   0.02373   0.05466   0.03847   0.02136   0.02565   0.03046   0.03154   0.00000   0.07682   0.06950   0.04417   0.11805   0.06892   0.03700   0.02053   0.03785   0.03044   0.00140   0.01700   0.03464   0.09406   0.05600   0.03448   0.03027   0.06354   0.11486   0.17466   0.31563   0.12410   0.12757   1.40477   0.73017  
  9 63619.8476  26215.887623  x:  0.08314   0.02636   0.27254   0.15001   0.12217   0.01136   0.08861   0.07798   0.06787   0.02406   0.06147   0.04079   0.01464   0.02646   0.02584   0.02619   0.01296   0.07545   0.06722   0.04697   0.11389   0.06872   0.03980   0.02050   0.03289   0.03186   0.00173   0.00377   0.03390   0.09009   0.05409   0.03625   0.03029   0.06564   0.11561   0.17366   0.31437   0.12332   0.12685   1.41196   0.72318  
 10 3685.6325  26160.422959  x:  0.05146   0.01926   0.27024   0.14355   0.12095   0.00425   0.09242   0.05891   0.07273   0.02356   0.07086   0.04304   0.00634   0.02561   0.01343   0.01261   0.00919   0.07037   0.06062   0.05243   0.09971   0.06742   0.03485   0.01833   0.02092   0.02730   0.00148   0.00663   0.03158   0.07745   0.04894   0.02995   0.02908   0.07124   0.11801   0.17061   0.31019   0.12096   0.12459   1.43681   0.69889  
 11 2509.1209  26134.702922  x:  0.03059   0.01585   0.26871   0.13942   0.12045   0.00558   0.09502   0.04730   0.07555   0.02354   0.07593   0.04390   0.01663   0.02556   0.01200   0.01201   0.00659   0.06748   0.05687   0.05522   0.09050   0.06675   0.03185   0.01811   0.01816   0.02546   0.00138   0.00240   0.03077   0.06977   0.04623   0.02672   0.02869   0.07449   0.11969   0.16886   0.30730   0.11944   0.12314   1.45507   0.68103  
 12 4984.1608  26118.112738  x:  0.01544   0.01593   0.26750   0.13624   0.12021   0.00912   0.09719   0.03951   0.07764   0.02373   0.08053   0.04456   0.01840   0.02578   0.01631   0.01672   0.01003   0.06575   0.05447   0.05716   0.08354   0.06647   0.03146   0.01895   0.02014   0.02612   0.00146   0.00777   0.03074   0.06438   0.04471   0.02663   0.02886   0.07683   0.12109   0.16781   0.30486   0.11825   0.12202   1.47168   0.66478  
 13 4845.3449  26097.137307  x:  0.00940   0.01383   0.26575   0.13223   0.11991   0.00932   0.09948   0.03646   0.07913   0.02334   0.08087   0.04269   0.01109   0.02453   0.02398   0.02210   0.00597   0.06490   0.05372   0.05710   0.07654   0.06638   0.02779   0.01948   0.02720   0.02542   0.00133   0.00258   0.03168   0.06036   0.04499   0.02499   0.02913   0.07839   0.12271   0.16799   0.30188   0.11702   0.12091   1.49712   0.63980  
 14 2442.0932  26000.260392  x:  0.03567   0.01385   0.25512   0.11057   0.11805   0.00777   0.11192   0.03748   0.08645   0.02381   0.08637   0.03527   0.01461   0.02448   0.03309   0.01523   0.00740   0.06381   0.05366   0.05613   0.04485   0.06736   0.02246   0.02016   0.03485   0.02661   0.00134   0.00453   0.03638   0.04525   0.04871   0.02886   0.03118   0.08556   0.13087   0.17351   0.28506   0.11054   0.11543   1.66252   0.47745  
 15 3645.7104  25937.503942  x:  0.03096   0.01428   0.24937   0.10537   0.11848   0.01215   0.11495   0.04702   0.08615   0.02365   0.08129   0.03655   0.01275   0.02481   0.02366   0.02588   0.00617   0.06792   0.05768   0.05300   0.06550   0.06859   0.02876   0.01852   0.02613   0.02374   0.00135   0.00413   0.03432   0.05922   0.05051   0.02576   0.02921   0.08524   0.13343   0.17559   0.27565   0.10976   0.11519   1.78081   0.36721  
 16 4806.0782  25925.798095  x:  0.02559   0.01852   0.25003   0.11326   0.11955   0.00535   0.11083   0.04598   0.08235   0.02353   0.07578   0.03923   0.01495   0.02518   0.02602   0.01731   0.00698   0.06950   0.05887   0.05239   0.07090   0.06866   0.02639   0.02168   0.03261   0.02861   0.00138   0.00466   0.03355   0.06234   0.04975   0.02827   0.03071   0.08131   0.13136   0.17594   0.27692   0.11288   0.11821   1.81362   0.35560  
 17 1196.6924  25915.296717  x:  0.02459   0.01911   0.25190   0.12582   0.12174   0.01584   0.10419   0.04314   0.07724   0.02395   0.06905   0.04100   0.01328   0.02511   0.02638   0.01091   0.00695   0.07011   0.05896   0.05271   0.07045   0.06853   0.02329   0.02005   0.03288   0.02913   0.00136   0.00446   0.03359   0.06213   0.04819   0.02953   0.03150   0.07600   0.12766   0.17673   0.28111   0.11771   0.12287   1.85834   0.35521  
 18 1416.3436  25889.439921  x:  0.02776   0.01927   0.25750   0.15506   0.12556   0.01121   0.08767   0.03623   0.06703   0.02483   0.05996   0.04461   0.01212   0.02634   0.02248   0.02299   0.00640   0.06965   0.05730   0.05555   0.06247   0.06823   0.02546   0.01722   0.02444   0.02910   0.00137   0.00383   0.03446   0.05777   0.04484   0.03352   0.03190   0.06544   0.11856   0.17877   0.29392   0.12907   0.13376   1.97873   0.36897  
 19 2935.9630  25847.293364  x:  0.02293   0.00767   0.26700   0.18033   0.12778   0.00943   0.08143   0.05874   0.07183   0.02419   0.07191   0.03854   0.01386   0.02378   0.02241   0.01970   0.00691   0.06725   0.05536   0.05704   0.06389   0.06843   0.04229   0.02858   0.02999   0.02050   0.00140   0.00466   0.03414   0.05744   0.05108   0.02355   0.02519   0.07072   0.11095   0.17994   0.31594   0.13677   0.14106   2.19900   0.42048  
 20 2559.9183  25810.419784  x:  0.02291   0.00901   0.27372   0.18094   0.12523   0.00741   0.09183   0.06156   0.08077   0.02162   0.07852   0.03515   0.01479   0.02547   0.02702   0.01953   0.00627   0.06755   0.05803   0.05255   0.07755   0.06781   0.03146   0.01141   0.02652   0.02995   0.00135   0.00486   0.03030   0.06644   0.05346   0.02481   0.03385   0.08039   0.11386   0.17981   0.33012   0.13268   0.13704   2.37603   0.47175  
 21 3523.4311  25793.506685  x:  0.02646   0.01267   0.27646   0.17241   0.12248   0.00947   0.09990   0.05431   0.08316   0.02269   0.07632   0.03793   0.01382   0.02594   0.02493   0.02154   0.00549   0.06925   0.06066   0.04908   0.08704   0.06738   0.02050   0.02498   0.02290   0.03093   0.00131   0.00466   0.03158   0.07269   0.05130   0.02860   0.03497   0.08267   0.11844   0.17932   0.33557   0.12641   0.13094   2.47568   0.50331  
 22 4118.1796  25780.793534  x:  0.02908   0.01605   0.27650   0.15574   0.11982   0.00956   0.10391   0.04377   0.07877   0.02487   0.06679   0.04312   0.01415   0.02475   0.02099   0.01996   0.00578   0.07210   0.06250   0.04826   0.09346   0.06829   0.02783   0.02186   0.03106   0.02559   0.00138   0.00482   0.03572   0.07586   0.04682   0.03013   0.02825   0.07738   0.12332   0.17813   0.33518   0.11881   0.12348   2.54478   0.52743  
 23 2061.4166  25776.275969  x:  0.02685   0.01801   0.27418   0.14167   0.11992   0.00957   0.10044   0.04819   0.07171   0.02312   0.06032   0.04295   0.01409   0.02605   0.02442   0.01830   0.00589   0.07308   0.06151   0.05104   0.09335   0.06855   0.03044   0.02275   0.02673   0.02755   0.00139   0.00473   0.03267   0.07449   0.04744   0.02932   0.02932   0.06954   0.12414   0.17667   0.32978   0.11621   0.12073   2.56950   0.53749  
 24 686.6046  25775.305877  x:  0.02616   0.01868   0.27219   0.13713   0.12069   0.00998   0.09693   0.05010   0.07021   0.02495   0.06116   0.04294   0.01414   0.02509   0.02134   0.01899   0.00599   0.07285   0.06109   0.05094   0.09325   0.06832   0.02848   0.02235   0.02851   0.02854   0.00139   0.00482   0.03293   0.07440   0.04856   0.03024   0.03011   0.06812   0.12304   0.17609   0.32526   0.11715   0.12154   2.57509   0.54024  
 25 289.2854  25774.703075  x:  0.02673   0.01992   0.26943   0.13454   0.12168   0.00985   0.09334   0.04920   0.07044   0.02356   0.06283   0.04323   0.01421   0.02576   0.02242   0.01868   0.00597   0.07251   0.06121   0.04997   0.09432   0.06818   0.02754   0.02204   0.02821   0.02709   0.00139   0.00482   0.03397   0.07516   0.04867   0.03004   0.02912   0.06878   0.12130   0.17565   0.31861   0.11925   0.12349   2.57875   0.54239  
 26 194.9009  25774.421758  x:  0.02739   0.01906   0.26722   0.13467   0.12204   0.00990   0.09320   0.04814   0.07139   0.02441   0.06216   0.04299   0.01418   0.02504   0.02284   0.01859   0.00593   0.07253   0.06157   0.04998   0.09477   0.06830   0.02866   0.02245   0.02810   0.02800   0.00139   0.00480   0.03304   0.07542   0.04786   0.02946   0.02998   0.06965   0.12051   0.17547   0.31283   0.12041   0.12461   2.58056   0.54376  
 27 133.8937  25774.259870  x:  0.02723   0.01889   0.26569   0.13620   0.12194   0.00991   0.09480   0.04874   0.07162   0.02380   0.06131   0.04288   0.01415   0.02599   0.02228   0.01874   0.00593   0.07268   0.06162   0.05045   0.09455   0.06834   0.02858   0.02243   0.02834   0.02803   0.00139   0.00480   0.03312   0.07527   0.04787   0.03019   0.02955   0.06967   0.12054   0.17537   0.30791   0.12058   0.12483   2.58165   0.54476  
 28 106.0909  25774.213747  x:  0.02717   0.01930   0.26536   0.13705   0.12178   0.00981   0.09536   0.04901   0.07134   0.02413   0.06146   0.04309   0.01418   0.02531   0.02251   0.01871   0.00594   0.07272   0.06150   0.05042   0.09452   0.06832   0.02843   0.02231   0.02806   0.02768   0.00139   0.00480   0.03339   0.07523   0.04812   0.03012   0.02949   0.06938   0.12082   0.17538   0.30620   0.12032   0.12461   2.58197   0.54506  
 29 73.0985  25774.200587  x:  0.02729   0.01924   0.26545   0.13746   0.12163   0.00984   0.09524   0.04888   0.07102   0.02406   0.06183   0.04315   0.01417   0.02550   0.02245   0.01873   0.00594   0.07269   0.06141   0.05022   0.09456   0.06829   0.02845   0.02234   0.02817   0.02775   0.00139   0.00481   0.03331   0.07525   0.04822   0.02974   0.02966   0.06915   0.12109   0.17543   0.30557   0.11997   0.12430   2.58208   0.54513  
 30 27.0882  25774.195254  x:  0.02729   0.01899   0.26571   0.13762   0.12154   0.00983   0.09492   0.04886   0.07100   0.02404   0.06192   0.04301   0.01418   0.02543   0.02252   0.01871   0.00594   0.07265   0.06144   0.05021   0.09462   0.06828   0.02844   0.02234   0.02814   0.02779   0.00139   0.00481   0.03326   0.07529   0.04817   0.02999   0.02953   0.06915   0.12127   0.17548   0.30526   0.11972   0.12405   2.58213   0.54514  
 31 12.6042  25774.189414  x:  0.02726   0.01909   0.26627   0.13768   0.12148   0.00983   0.09461   0.04895   0.07122   0.02414   0.06175   0.04302   0.01417   0.02554   0.02251   0.01871   0.00594   0.07263   0.06151   0.05036   0.09460   0.06829   0.02845   0.02233   0.02813   0.02771   0.00139   0.00480   0.03341   0.07526   0.04811   0.02994   0.02970   0.06932   0.12135   0.17554   0.30495   0.11956   0.12389   2.58220   0.54514  
 32  8.3085  25774.179200  x:  0.02729   0.01927   0.26721   0.13762   0.12149   0.00987   0.09455   0.04898   0.07137   0.02389   0.06161   0.04317   0.01418   0.02533   0.02238   0.01876   0.00594   0.07264   0.06149   0.05037   0.09452   0.06831   0.02841   0.02233   0.02818   0.02786   0.00139   0.00481   0.03324   0.07521   0.04815   0.02977   0.02952   0.06945   0.12130   0.17562   0.30458   0.11959   0.12389   2.58234   0.54513  
 33 12.1566  25774.146033  x:  0.02729   0.01897   0.26956   0.13725   0.12164   0.00982   0.09510   0.04890   0.07116   0.02425   0.06170   0.04326   0.01417   0.02560   0.02252   0.01872   0.00593   0.07274   0.06132   0.04999   0.09452   0.06831   0.02844   0.02231   0.02812   0.02772   0.00139   0.00480   0.03306   0.07522   0.04836   0.02995   0.02945   0.06927   0.12091   0.17574   0.30377   0.12007   0.12430   2.58282   0.54509  
 34 21.1487  25774.115209  x:  0.02730   0.01870   0.27054   0.13705   0.12175   0.00982   0.09547   0.04880   0.07087   0.02382   0.06192   0.04291   0.01419   0.02531   0.02246   0.01871   0.00593   0.07275   0.06142   0.05019   0.09463   0.06829   0.02854   0.02237   0.02814   0.02775   0.00139   0.00481   0.03366   0.07531   0.04813   0.03000   0.02989   0.06903   0.12078   0.17570   0.30345   0.12033   0.12457   2.58328   0.54507  
 35 22.9929  25773.897412  x:  0.02770   0.01899   0.27152   0.13696   0.12211   0.00975   0.09600   0.04874   0.07029   0.02453   0.06275   0.04168   0.01420   0.02562   0.02260   0.01881   0.00588   0.07230   0.06232   0.05216   0.09498   0.06809   0.02785   0.02226   0.02829   0.02804   0.00139   0.00483   0.03356   0.07562   0.04683   0.02906   0.02883   0.06849   0.12114   0.17502   0.30322   0.12063   0.12518   2.58658   0.54496  
 36 17.9109  25770.732742  x:  0.02937   0.01758   0.27282   0.13716   0.12468   0.00938   0.09636   0.04867   0.06997   0.02297   0.06206   0.04231   0.01452   0.02455   0.02271   0.01942   0.00561   0.06877   0.06479   0.05509   0.09553   0.06769   0.02672   0.02181   0.03004   0.02245   0.00142   0.00502   0.02836   0.07633   0.04843   0.02999   0.03194   0.06871   0.12651   0.16673   0.30365   0.12025   0.12850   2.63326   0.54416  
 37 100.7412  25762.182922  x:  0.03095   0.00977   0.27357   0.13759   0.12889   0.00878   0.09602   0.05049   0.07168   0.02379   0.05561   0.04367   0.01478   0.02480   0.02409   0.02029   0.00476   0.06534   0.06475   0.05045   0.09566   0.06782   0.02504   0.02042   0.02848   0.02653   0.00143   0.00544   0.03499   0.07658   0.05369   0.02537   0.02901   0.07060   0.13608   0.14973   0.30536   0.11832   0.13396   2.76127   0.54227  
 38 1490.8330  25754.396080  x:  0.03002   0.01069   0.27175   0.13795   0.12598   0.00817   0.09605   0.05277   0.07359   0.02352   0.05200   0.03291   0.01518   0.02405   0.02296   0.02148   0.00403   0.07490   0.05944   0.04209   0.09522   0.06869   0.02279   0.01931   0.02872   0.02293   0.00152   0.00581   0.03325   0.07547   0.04760   0.02242   0.02943   0.07107   0.13151   0.15381   0.30703   0.11671   0.13141   2.87496   0.54090  
 39 1317.7044  25750.189155  x:  0.03020   0.00531   0.26948   0.13709   0.12186   0.00797   0.09665   0.05385   0.07368   0.02310   0.05250   0.03783   0.01554   0.02372   0.02434   0.02205   0.00326   0.07867   0.06005   0.04636   0.09586   0.06867   0.02025   0.01827   0.02908   0.02212   0.00151   0.00607   0.03333   0.07624   0.04754   0.02113   0.02974   0.07130   0.12363   0.16559   0.30800   0.11677   0.12674   2.93617   0.54017  
 40 1255.0471  25749.124535  x:  0.02943   0.00575   0.26871   0.13681   0.12064   0.00794   0.09729   0.05227   0.07271   0.02333   0.05084   0.03507   0.01559   0.02372   0.02393   0.02198   0.00340   0.07378   0.06282   0.04649   0.09580   0.06802   0.02062   0.01834   0.02878   0.02204   0.00153   0.00613   0.03352   0.07712   0.05180   0.02055   0.02943   0.07183   0.12134   0.17205   0.30825   0.11776   0.12460   2.95231   0.54010  
 41 392.8433  25749.000264  x:  0.02927   0.00571   0.26856   0.13665   0.12105   0.00790   0.09752   0.05298   0.07276   0.02328   0.05062   0.03559   0.01560   0.02371   0.02396   0.02201   0.00346   0.07149   0.06276   0.04556   0.09579   0.06795   0.02058   0.01828   0.02881   0.02202   0.00153   0.00614   0.03351   0.07712   0.05036   0.02057   0.02947   0.07155   0.12207   0.17384   0.30827   0.11849   0.12432   2.95419   0.54013  
 42 83.0867  25748.982495  x:  0.02927   0.00568   0.26852   0.13658   0.12164   0.00788   0.09747   0.05286   0.07288   0.02329   0.05060   0.03549   0.01560   0.02371   0.02395   0.02200   0.00345   0.07169   0.06226   0.04580   0.09593   0.06808   0.02057   0.01829   0.02882   0.02203   0.00153   0.00614   0.03354   0.07711   0.05057   0.02056   0.02946   0.07152   0.12312   0.17470   0.30828   0.11903   0.12437   2.95446   0.54016  
 43 21.5532  25748.979747  x:  0.02921   0.00568   0.26851   0.13657   0.12177   0.00788   0.09745   0.05290   0.07283   0.02329   0.05063   0.03553   0.01560   0.02371   0.02393   0.02199   0.00345   0.07190   0.06261   0.04569   0.09585   0.06802   0.02059   0.01828   0.02879   0.02203   0.00153   0.00615   0.03353   0.07703   0.05056   0.02055   0.02946   0.07155   0.12333   0.17485   0.30828   0.11911   0.12441   2.95452   0.54018  
 44  6.3973  25748.756529  x:  0.02905   0.00588   0.26840   0.13646   0.12274   0.00786   0.09753   0.05323   0.07073   0.02335   0.05048   0.03575   0.01561   0.02373   0.02398   0.02199   0.00346   0.07204   0.06175   0.04591   0.09501   0.06641   0.02087   0.01829   0.02877   0.02210   0.00153   0.00614   0.03354   0.07828   0.05015   0.02067   0.02944   0.07402   0.12330   0.17626   0.30831   0.11660   0.12670   2.95987   0.54006  
 45  0.7892  25746.931833  x:  0.02836   0.00706   0.26777   0.13616   0.12470   0.00796   0.09748   0.05372   0.07492   0.02312   0.05286   0.03612   0.01573   0.02381   0.02412   0.02231   0.00363   0.07161   0.06286   0.04618   0.09407   0.07133   0.02159   0.01829   0.02850   0.02249   0.00154   0.00615   0.03352   0.07823   0.05100   0.02113   0.02940   0.07010   0.12193   0.18226   0.30869   0.10696   0.13612   3.00388   0.53883  
 46 90.7304  25740.695469  x:  0.02931   0.01154   0.26635   0.13618   0.11652   0.00906   0.09681   0.05717   0.07730   0.02269   0.05854   0.03794   0.01599   0.02405   0.02525   0.02394   0.00401   0.07250   0.06104   0.04864   0.09750   0.06206   0.02504   0.01819   0.02867   0.02374   0.00155   0.00611   0.03359   0.06846   0.05181   0.02351   0.02939   0.07105   0.12117   0.18436   0.31020   0.11663   0.13121   3.15527   0.53366  
 47 382.0133  25738.687105  x:  0.02873   0.01308   0.26592   0.13653   0.11754   0.00920   0.09680   0.05866   0.07464   0.02264   0.06068   0.03880   0.01610   0.02413   0.02537   0.02423   0.00413   0.07328   0.06123   0.04925   0.09241   0.06982   0.02590   0.01822   0.02840   0.02407   0.00156   0.00611   0.03335   0.07416   0.05111   0.02401   0.02935   0.07444   0.12003   0.18288   0.31059   0.12279   0.12379   3.20436   0.53212  
 48 658.5646  25738.580760  x:  0.02871   0.01312   0.26589   0.13670   0.12006   0.00912   0.09695   0.05859   0.07563   0.02260   0.06085   0.03882   0.01610   0.02413   0.02539   0.02422   0.00414   0.07343   0.06116   0.04926   0.09169   0.06841   0.02607   0.01822   0.02839   0.02407   0.00156   0.00611   0.03333   0.07531   0.05117   0.02401   0.02937   0.07356   0.11911   0.18256   0.31059   0.12267   0.12215   3.20692   0.53202  
 49 65.4680  25738.576343  x:  0.02876   0.01312   0.26589   0.13674   0.12054   0.00910   0.09700   0.05858   0.07548   0.02260   0.06085   0.03881   0.01610   0.02413   0.02539   0.02424   0.00414   0.07338   0.06117   0.04926   0.09195   0.06858   0.02604   0.01822   0.02840   0.02407   0.00156   0.00610   0.03334   0.07491   0.05117   0.02403   0.02937   0.07372   0.11891   0.18254   0.31059   0.12255   0.12193   3.20703   0.53201  
 50 11.3301  25736.353196  x:  0.02869   0.01090   0.26748   0.13758   0.12238   0.00902   0.09580   0.05511   0.07329   0.02325   0.05749   0.03778   0.01588   0.02467   0.02539   0.02441   0.00455   0.07215   0.06200   0.04848   0.08993   0.06852   0.02597   0.01919   0.02904   0.02493   0.00168   0.00609   0.03296   0.07400   0.05098   0.02600   0.02975   0.07124   0.12128   0.17791   0.30775   0.11983   0.12643   3.36399   0.52529  
 51  0.1131  25736.107603  x:  0.02861   0.01184   0.26712   0.13713   0.12207   0.00908   0.09611   0.05356   0.07308   0.02327   0.05733   0.03889   0.01568   0.02447   0.02536   0.02386   0.00424   0.07257   0.06162   0.04873   0.09016   0.06842   0.02489   0.01915   0.02914   0.02452   0.00173   0.00603   0.03343   0.07401   0.05047   0.02436   0.02961   0.07124   0.12157   0.17757   0.30762   0.12026   0.12537   3.38946   0.52645  
 52  0.0245  25735.956449  x:  0.02807   0.01096   0.26703   0.13778   0.12153   0.00935   0.09650   0.05282   0.07342   0.02317   0.05850   0.03831   0.01543   0.02429   0.02550   0.02269   0.00426   0.07239   0.06145   0.04855   0.09030   0.06829   0.02491   0.01939   0.02923   0.02436   0.00187   0.00583   0.03350   0.07417   0.05003   0.02481   0.02955   0.07192   0.12090   0.17853   0.30866   0.12104   0.12458   3.39993   0.52851  
 53  0.0046  25735.699307  x:  0.02811   0.01123   0.26760   0.13812   0.12220   0.00910   0.09577   0.05433   0.07368   0.02322   0.05684   0.03916   0.01541   0.02458   0.02561   0.02177   0.00448   0.07295   0.06184   0.04915   0.08944   0.06873   0.02496   0.01921   0.02922   0.02483   0.00227   0.00557   0.03316   0.07344   0.05051   0.02487   0.02966   0.07120   0.12093   0.17861   0.30878   0.12096   0.12549   3.39336   0.53063  
 54  0.0019  25735.392612  x:  0.02911   0.01142   0.26742   0.13729   0.12227   0.00917   0.09613   0.05426   0.07303   0.02330   0.05867   0.03835   0.01569   0.02454   0.02491   0.02274   0.00401   0.07176   0.06131   0.04875   0.08964   0.06818   0.02517   0.01901   0.02872   0.02454   0.00280   0.00577   0.03335   0.07380   0.05078   0.02447   0.02968   0.07173   0.12183   0.17710   0.30753   0.11990   0.12567   3.38517   0.52716  
 55  0.0034  25735.296864  x:  0.02894   0.01148   0.26695   0.13734   0.12173   0.00917   0.09630   0.05354   0.07337   0.02318   0.05774   0.03862   0.01566   0.02439   0.02517   0.02307   0.00415   0.07270   0.06164   0.04866   0.09015   0.06841   0.02501   0.01920   0.02905   0.02456   0.00311   0.00587   0.03342   0.07408   0.05030   0.02498   0.02961   0.07147   0.12109   0.17815   0.30812   0.12054   0.12500   3.38395   0.52741  
 56  0.0019  25735.284308  x:  0.02856   0.01136   0.26722   0.13759   0.12193   0.00916   0.09619   0.05366   0.07337   0.02324   0.05790   0.03864   0.01557   0.02450   0.02535   0.02311   0.00405   0.07252   0.06163   0.04874   0.09016   0.06845   0.02512   0.01929   0.02908   0.02469   0.00322   0.00589   0.03334   0.07402   0.05036   0.02472   0.02963   0.07153   0.12116   0.17815   0.30821   0.12064   0.12520   3.38314   0.52735  
 57  0.0009  25735.283248  x:  0.02845   0.01137   0.26720   0.13749   0.12194   0.00918   0.09620   0.05368   0.07334   0.02324   0.05792   0.03864   0.01556   0.02448   0.02538   0.02315   0.00407   0.07248   0.06161   0.04875   0.09016   0.06842   0.02507   0.01923   0.02908   0.02463   0.00324   0.00589   0.03337   0.07402   0.05041   0.02478   0.02962   0.07154   0.12123   0.17807   0.30812   0.12056   0.12519   3.38310   0.52749  
 58  0.0003  25735.283178  x:  0.02844   0.01136   0.26718   0.13750   0.12192   0.00918   0.09620   0.05366   0.07334   0.02323   0.05791   0.03864   0.01556   0.02447   0.02539   0.02318   0.00407   0.07249   0.06159   0.04875   0.09014   0.06842   0.02508   0.01923   0.02909   0.02464   0.00324   0.00589   0.03336   0.07401   0.05039   0.02478   0.02962   0.07153   0.12121   0.17806   0.30813   0.12054   0.12519   3.38329   0.52756  
 59  0.0002  25735.283169  x:  0.02844   0.01137   0.26719   0.13750   0.12192   0.00918   0.09620   0.05366   0.07334   0.02324   0.05791   0.03864   0.01556   0.02447   0.02539   0.02318   0.00407   0.07249   0.06160   0.04875   0.09013   0.06842   0.02508   0.01923   0.02909   0.02464   0.00324   0.00588   0.03337   0.07401   0.05040   0.02478   0.02962   0.07153   0.12121   0.17807   0.30813   0.12055   0.12519   3.38330   0.52759  
 60  0.0000  25735.283169  x:  0.02844   0.01136   0.26719   0.13750   0.12192   0.00918   0.09620   0.05366   0.07334   0.02324   0.05791   0.03864   0.01556   0.02447   0.02539   0.02318   0.00407   0.07249   0.06160   0.04875   0.09013   0.06842   0.02508   0.01923   0.02909   0.02464   0.00324   0.00588   0.03337   0.07401   0.05040   0.02478   0.02962   0.07153   0.12121   0.17807   0.30813   0.12055   0.12519   3.38329   0.52759  
 61  0.0000  25735.283169  x:  0.02844   0.01136   0.26719   0.13750   0.12192   0.00918   0.09620   0.05366   0.07334   0.02324   0.05791   0.03864   0.01556   0.02447   0.02539   0.02318   0.00407   0.07249   0.06160   0.04875   0.09013   0.06842   0.02508   0.01923   0.02909   0.02464   0.00324   0.00588   0.03337   0.07401   0.05040   0.02478   0.02962   0.07153   0.12121   0.17807   0.30813   0.12055   0.12519   3.38329   0.52759  
 62  0.0000  25735.283169  x:  0.02844   0.01136   0.26719   0.13750   0.12192   0.00918   0.09620   0.05366   0.07334   0.02324   0.05791   0.03864   0.01556   0.02447   0.02539   0.02318   0.00407   0.07249   0.06160   0.04875   0.09013   0.06842   0.02508   0.01923   0.02909   0.02464   0.00324   0.00588   0.03337   0.07401   0.05040   0.02478   0.02962   0.07153   0.12121   0.17807   0.30813   0.12055   0.12519   3.38329   0.52759  
 63  0.0000  25735.283169  x:  0.02844   0.01136   0.26719   0.13750   0.12192   0.00918   0.09620   0.05366   0.07334   0.02324   0.05791   0.03864   0.01556   0.02447   0.02539   0.02318   0.00407   0.07249   0.06160   0.04875   0.09013   0.06842   0.02508   0.01923   0.02909   0.02464   0.00324   0.00588   0.03337   0.07401   0.05040   0.02478   0.02962   0.07153   0.12121   0.17807   0.30813   0.12055   0.12519   3.38329   0.52759  
 64  0.0000  25735.283169  x:  0.02844   0.01136   0.26719   0.13750   0.12192   0.00918   0.09620   0.05366   0.07334   0.02324   0.05791   0.03864   0.01556   0.02447   0.02539   0.02318   0.00407   0.07249   0.06160   0.04875   0.09013   0.06842   0.02508   0.01923   0.02909   0.02464   0.00324   0.00588   0.03337   0.07401   0.05040   0.02478   0.02962   0.07153   0.12121   0.17807   0.30813   0.12055   0.12519   3.38329   0.52759  
 65  0.0000  25735.283169  x:  0.02844   0.01136   0.26719   0.13750   0.12192   0.00918   0.09620   0.05366   0.07334   0.02324   0.05791   0.03864   0.01556   0.02447   0.02539   0.02318   0.00407   0.07249   0.06160   0.04875   0.09013   0.06842   0.02508   0.01923   0.02909   0.02464   0.00324   0.00588   0.03337   0.07401   0.05040   0.02478   0.02962   0.07153   0.12121   0.17807   0.30813   0.12055   0.12519   3.38329   0.52759  