

TREE # 1

  0  0.0000   4713.504791  x:  0.10824   0.10061   0.07877   0.04291   0.07641   0.01770   0.06045   0.06139   0.09908   0.06422   0.09333   0.05931   0.07929   0.04555   0.05662   0.09555   0.09813   0.01669   0.01328   0.05155   0.03733   0.01904   0.01576   0.05206   0.01940   0.07552   0.07855   0.03440   0.03236   0.01781   0.07196   0.07686   0.08140   0.09377   0.06713   0.07243   0.08457   0.07885   0.03670   0.59714   0.58924  
  1 99.0000   4449.208056  x:  0.07915   0.05935   0.14430   0.07243   0.06328   0.00257   0.04309   0.04104   0.08358   0.02783   0.06918   0.02325   0.03841   0.00193   0.02774   0.05668   0.06376   0.07880   0.21408   0.04780   0.08100   0.07677   0.01626   0.00844   0.00491   0.03307   0.03173   0.00082   0.03021   0.04846   0.08300   0.04326   0.04307   0.08253   0.11080   0.12068   0.10399   0.25217   0.05464   0.56406   0.58855  
  2 2109.2932   4434.414095  x:  0.07603   0.05477   0.14974   0.07458   0.06219   0.00439   0.04161   0.03927   0.08207   0.02425   0.06678   0.01987   0.03410   0.00000   0.02480   0.05235   0.05983   0.08263   0.22768   0.04729   0.08399   0.08032   0.01575   0.00418   0.00712   0.02863   0.02660   0.01499   0.03008   0.05034   0.08394   0.03987   0.03904   0.08141   0.11441   0.12472   0.10564   0.26637   0.05587   0.56037   0.58846  
  3 4972.8310   4424.153084  x:  0.07323   0.05065   0.15462   0.07651   0.06120   0.00597   0.04029   0.03769   0.08071   0.02104   0.06463   0.01685   0.03023   0.00237   0.02215   0.04845   0.05629   0.08606   0.23991   0.04683   0.08667   0.08350   0.01529   0.00037   0.00905   0.02462   0.02197   0.02706   0.02997   0.05203   0.08478   0.03682   0.03542   0.08040   0.11765   0.12835   0.10713   0.27914   0.05697   0.55706   0.58839  
  4 75088.9764   4404.577906  x:  0.06064   0.03147   0.17123   0.08164   0.05781   0.01377   0.03593   0.03235   0.07523   0.00866   0.05579   0.00635   0.01330   0.00819   0.01144   0.03029   0.03942   0.09257   0.27059   0.04440   0.09313   0.08938   0.01161   0.04689   0.01923   0.00685   0.00000   0.05788   0.02995   0.05502   0.08768   0.02421   0.01965   0.07624   0.12855   0.14084   0.11233   0.32271   0.05951   0.54146   0.58801  
  5 3552.1056   4382.573669  x:  0.04805   0.01034   0.17840   0.08034   0.05650   0.01212   0.03585   0.03227   0.07140   0.01471   0.04949   0.02462   0.00360   0.00825   0.01014   0.01092   0.02024   0.08446   0.26314   0.04171   0.08989   0.08122   0.00772   0.04765   0.01891   0.00078   0.00000   0.05859   0.03062   0.05040   0.08884   0.01763   0.00884   0.07304   0.13290   0.14641   0.11480   0.34448   0.05762   0.52324   0.58756  
  6 842.7646   4377.331377  x:  0.04341   0.00261   0.18113   0.07993   0.05602   0.01161   0.03579   0.03220   0.06999   0.01629   0.04720   0.02984   0.00177   0.00831   0.00980   0.00395   0.01322   0.08159   0.26066   0.04076   0.08878   0.07832   0.00660   0.04823   0.01890   0.00441   0.00000   0.05903   0.03085   0.04880   0.08928   0.01541   0.00548   0.07187   0.13456   0.14853   0.11574   0.35277   0.05695   0.51642   0.58740  
  7 6531.5956   4375.005100  x:  0.04167   0.00000   0.18217   0.07979   0.05586   0.01144   0.03577   0.03217   0.06947   0.01662   0.04638   0.03119   0.00371   0.00833   0.00986   0.00178   0.01066   0.08050   0.25967   0.04043   0.08836   0.07722   0.00643   0.04842   0.01889   0.00462   0.00000   0.05918   0.03093   0.04823   0.08944   0.01481   0.00507   0.07144   0.13518   0.14933   0.11610   0.35594   0.05670   0.51376   0.58733  
  8 3289.4656   4375.005100  x:  0.04167   0.00000   0.18217   0.07979   0.05586   0.01144   0.03577   0.03217   0.06947   0.01662   0.04638   0.03119   0.00371   0.00833   0.00986   0.00178   0.01066   0.08050   0.25967   0.04043   0.08836   0.07722   0.00643   0.04842   0.01889   0.00462   0.00000   0.05918   0.03093   0.04823   0.08944   0.01481   0.00507   0.07144   0.13518   0.14933   0.11610   0.35594   0.05670   0.51376   0.58733  
  9 1117.2603   4363.779268  x:  0.03855   0.01196   0.18328   0.07936   0.05609   0.00907   0.03640   0.03291   0.06897   0.01466   0.04605   0.02543   0.02172   0.00228   0.01571   0.01532   0.00786   0.07685   0.25286   0.04046   0.08648   0.07349   0.01122   0.03881   0.01608   0.00919   0.00000   0.05058   0.03097   0.04708   0.08954   0.01928   0.02143   0.07101   0.13556   0.15012   0.11655   0.36084   0.05563   0.50647   0.58715  
 10 1065.2746   4335.159274  x:  0.02748   0.00464   0.18684   0.07667   0.05685   0.00569   0.03831   0.03515   0.06728   0.01020   0.04500   0.00615   0.02383   0.01013   0.02037   0.01234   0.00204   0.06319   0.22685   0.04068   0.08010   0.05988   0.01272   0.00222   0.00884   0.00580   0.00000   0.01834   0.03098   0.04267   0.08978   0.02574   0.02683   0.06951   0.13674   0.15307   0.11831   0.37936   0.05172   0.47855   0.58644  
 11 727.4095   4333.315729  x:  0.02659   0.00416   0.18720   0.07646   0.05693   0.00601   0.03844   0.03529   0.06714   0.01034   0.04493   0.00667   0.02381   0.00930   0.02059   0.01199   0.00363   0.06195   0.22411   0.04073   0.07956   0.05866   0.01270   0.00053   0.00916   0.00607   0.00000   0.01544   0.03099   0.04234   0.08980   0.02599   0.02705   0.06939   0.13685   0.15337   0.11851   0.38128   0.05136   0.47558   0.58637  
 12 1189.0518   4327.014320  x:  0.02286   0.00211   0.18863   0.07557   0.05723   0.00670   0.03901   0.03595   0.06656   0.01042   0.04462   0.00656   0.02389   0.00725   0.02168   0.01060   0.00702   0.05686   0.21313   0.04093   0.07727   0.05362   0.01275   0.00142   0.00956   0.00658   0.00000   0.00367   0.03100   0.04094   0.08990   0.02729   0.02817   0.06887   0.13731   0.15459   0.11928   0.38898   0.04987   0.46370   0.58606  
 13 3458.4070   4311.986427  x:  0.01401   0.00106   0.19279   0.07342   0.05797   0.00778   0.04033   0.03741   0.06507   0.01151   0.04388   0.00977   0.02247   0.00047   0.02375   0.00614   0.00389   0.04265   0.18014   0.04157   0.07077   0.04013   0.01247   0.00130   0.01124   0.00691   0.00000   0.00522   0.03104   0.03739   0.09019   0.02951   0.02954   0.06754   0.13863   0.15821   0.12170   0.41197   0.04572   0.42771   0.58514  
 14 1067.6589   4301.389728  x:  0.00449   0.00264   0.19790   0.07102   0.05885   0.00957   0.04178   0.03901   0.06333   0.01342   0.04306   0.01604   0.02209   0.00465   0.02631   0.00263   0.00416   0.02601   0.13934   0.04244   0.06310   0.02449   0.01233   0.00173   0.01432   0.00858   0.00000   0.00818   0.03109   0.03345   0.09056   0.03170   0.03207   0.06599   0.14024   0.16267   0.12474   0.44033   0.04076   0.38305   0.58400  
 15 8869.0185   4284.476866  x:  0.02100   0.00345   0.20572   0.06873   0.05965   0.00784   0.04283   0.04001   0.06151   0.01352   0.04256   0.01238   0.01609   0.00477   0.02828   0.01171   0.01168   0.01455   0.07182   0.04437   0.05399   0.01728   0.01177   0.00264   0.01355   0.00590   0.00000   0.01234   0.03114   0.03096   0.09119   0.03119   0.02972   0.06443   0.14275   0.17039   0.13076   0.48771   0.03450   0.30677   0.58202  
 16 1867.2142   4275.328280  x:  0.01883   0.00470   0.20985   0.06824   0.05980   0.00850   0.04282   0.03988   0.06122   0.01354   0.04275   0.01311   0.01564   0.00493   0.02728   0.01036   0.00992   0.02516   0.03822   0.04546   0.05230   0.02636   0.01419   0.00248   0.01366   0.00896   0.00000   0.01166   0.03118   0.03101   0.09156   0.02973   0.02883   0.06421   0.14403   0.17411   0.13393   0.51467   0.03196   0.26375   0.58084  
 17 1550.0752   4269.681543  x:  0.01785   0.00564   0.21291   0.07033   0.05896   0.00813   0.04130   0.03804   0.06302   0.01323   0.04411   0.01461   0.02082   0.00493   0.02287   0.00958   0.00901   0.02488   0.04545   0.04612   0.05914   0.02879   0.00990   0.00237   0.01378   0.00241   0.00000   0.01071   0.03126   0.03581   0.09197   0.02543   0.02824   0.06586   0.14505   0.17682   0.13736   0.54234   0.03328   0.22530   0.57947  
 18 351.3494   4267.456965  x:  0.01859   0.00485   0.21474   0.07168   0.05842   0.00766   0.04042   0.03698   0.06418   0.01289   0.04492   0.01385   0.02255   0.00497   0.02016   0.00912   0.00809   0.02383   0.05159   0.04642   0.06330   0.02912   0.00796   0.00227   0.01336   0.00774   0.00000   0.01055   0.03131   0.03846   0.09222   0.02302   0.02703   0.06692   0.14568   0.17849   0.13951   0.55989   0.03428   0.20257   0.57858  
 19 1684.8968   4266.457642  x:  0.01867   0.00342   0.21589   0.07254   0.05828   0.00899   0.04054   0.03722   0.06487   0.01358   0.04500   0.01300   0.02112   0.00503   0.02058   0.00987   0.00935   0.02564   0.05614   0.04618   0.06436   0.02707   0.01676   0.00243   0.01373   0.00768   0.00000   0.01157   0.03134   0.03746   0.09234   0.02445   0.02653   0.06746   0.14612   0.17946   0.14081   0.57395   0.03522   0.19550   0.57779  
 20 242.9453   4263.250253  x:  0.01765   0.00766   0.22019   0.07608   0.05777   0.00552   0.04257   0.03997   0.06689   0.01357   0.04417   0.01457   0.01211   0.00506   0.02764   0.01302   0.01092   0.03149   0.06519   0.04413   0.06305   0.02865   0.01242   0.00271   0.01351   0.00784   0.00000   0.01221   0.03145   0.02822   0.09277   0.03332   0.02684   0.06897   0.14782   0.18276   0.14531   0.64149   0.03888   0.19877   0.57366  
 21 179.8428   4260.168867  x:  0.02139   0.00526   0.22438   0.07909   0.05796   0.02050   0.04335   0.04087   0.06838   0.01322   0.04384   0.01410   0.01555   0.00574   0.02928   0.01340   0.00886   0.03053   0.06963   0.04273   0.06224   0.03501   0.00969   0.00263   0.01442   0.00828   0.00000   0.01282   0.03140   0.02902   0.09343   0.03424   0.02587   0.07060   0.14930   0.18600   0.14965   0.73137   0.04149   0.21282   0.56784  
 22 547.5953   4256.464424  x:  0.02309   0.00271   0.22574   0.07959   0.05626   0.00889   0.04103   0.03770   0.06820   0.01373   0.04463   0.01593   0.02275   0.00592   0.02341   0.00982   0.00992   0.02958   0.06939   0.04366   0.06433   0.03650   0.01461   0.00274   0.01377   0.00889   0.00000   0.01322   0.03121   0.04022   0.09374   0.02416   0.02401   0.07112   0.14944   0.18665   0.15100   0.82160   0.04053   0.23201   0.56158  
 23 552.9641   4256.030630  x:  0.02264   0.00588   0.22370   0.07812   0.05698   0.00994   0.03984   0.03634   0.06720   0.01372   0.04505   0.01369   0.02163   0.00563   0.01927   0.01035   0.01025   0.03209   0.06935   0.04468   0.06605   0.03306   0.01392   0.00273   0.01486   0.00889   0.00000   0.01303   0.03123   0.04060   0.09315   0.02188   0.02371   0.07009   0.14831   0.18455   0.14890   0.83311   0.03812   0.23429   0.56025  
 24 134.7018   4255.769155  x:  0.02297   0.00420   0.21933   0.07519   0.05809   0.01014   0.03893   0.03547   0.06585   0.01379   0.04540   0.01557   0.02094   0.00590   0.01704   0.01247   0.00933   0.03242   0.06970   0.04564   0.06825   0.03304   0.01371   0.00267   0.01359   0.00890   0.00000   0.01288   0.03126   0.03952   0.09211   0.02293   0.02481   0.06851   0.14625   0.18040   0.14494   0.84033   0.03456   0.23490   0.55861  
 25 75.9590   4255.625068  x:  0.02314   0.00451   0.21492   0.07334   0.05860   0.00982   0.03904   0.03573   0.06522   0.01379   0.04540   0.01445   0.02097   0.00583   0.01843   0.01153   0.01000   0.03127   0.07009   0.04577   0.06944   0.03479   0.01399   0.00274   0.01522   0.00892   0.00000   0.01325   0.03125   0.03893   0.09138   0.02325   0.02494   0.06770   0.14443   0.17629   0.14149   0.84450   0.03269   0.23474   0.55696  
 26 67.2973   4255.553373  x:  0.02376   0.00542   0.21134   0.07325   0.05838   0.01019   0.03963   0.03634   0.06545   0.01387   0.04520   0.01487   0.02120   0.00578   0.01979   0.01056   0.00998   0.03147   0.07013   0.04531   0.06913   0.03438   0.01413   0.00273   0.01368   0.00893   0.00000   0.01307   0.03123   0.03917   0.09119   0.02268   0.02437   0.06788   0.14331   0.17318   0.13943   0.84655   0.03330   0.23445   0.55538  
 27 43.6345   4255.502004  x:  0.02392   0.00472   0.20790   0.07397   0.05780   0.01008   0.04000   0.03662   0.06602   0.01367   0.04502   0.01502   0.02160   0.00585   0.01990   0.01102   0.00960   0.03214   0.06991   0.04478   0.06805   0.03360   0.01379   0.00270   0.01468   0.00891   0.00000   0.01300   0.03123   0.03962   0.09131   0.02277   0.02423   0.06847   0.14256   0.17043   0.13789   0.84800   0.03522   0.23418   0.55346  
 28 39.7158   4255.483041  x:  0.02343   0.00474   0.20645   0.07460   0.05759   0.01011   0.03977   0.03634   0.06623   0.01385   0.04507   0.01463   0.02143   0.00580   0.01911   0.01114   0.01006   0.03172   0.06973   0.04482   0.06754   0.03400   0.01382   0.00274   0.01429   0.00889   0.00000   0.01320   0.03124   0.03959   0.09150   0.02311   0.02445   0.06873   0.14253   0.16949   0.13731   0.84848   0.03646   0.23411   0.55210  
 29 24.0888   4255.474977  x:  0.02357   0.00504   0.20589   0.07491   0.05769   0.01011   0.03945   0.03605   0.06615   0.01371   0.04520   0.01487   0.02109   0.00581   0.01903   0.01115   0.00971   0.03139   0.06966   0.04514   0.06756   0.03420   0.01406   0.00270   0.01446   0.00890   0.00000   0.01297   0.03124   0.03936   0.09168   0.02292   0.02454   0.06872   0.14282   0.16943   0.13699   0.84861   0.03708   0.23410   0.55069  
 30 12.1753   4255.452700  x:  0.02353   0.00451   0.20476   0.07527   0.05825   0.01013   0.03893   0.03573   0.06567   0.01384   0.04547   0.01469   0.02119   0.00581   0.01975   0.01097   0.00993   0.03164   0.06946   0.04602   0.06827   0.03392   0.01384   0.00273   0.01433   0.00888   0.00000   0.01316   0.03123   0.03891   0.09221   0.02243   0.02503   0.06842   0.14420   0.17014   0.13588   0.84881   0.03828   0.23411   0.54476  
 31 16.6542   4255.379641  x:  0.02379   0.00502   0.20253   0.07517   0.05893   0.00988   0.03999   0.03680   0.06487   0.01376   0.04522   0.01481   0.02163   0.00579   0.01899   0.01073   0.00985   0.03165   0.06917   0.04578   0.06969   0.03375   0.01389   0.00272   0.01444   0.00891   0.00000   0.01306   0.03123   0.03969   0.09310   0.02403   0.02408   0.06779   0.14796   0.17315   0.13215   0.84915   0.03976   0.23409   0.52207  
 32 38.3456   4255.241773  x:  0.02262   0.00484   0.20108   0.07382   0.05815   0.00988   0.04062   0.03674   0.06582   0.01388   0.04453   0.01468   0.02085   0.00580   0.01899   0.01246   0.00982   0.03130   0.06965   0.04351   0.06841   0.03452   0.01400   0.00271   0.01430   0.00889   0.00000   0.01305   0.03127   0.03941   0.09270   0.02162   0.02377   0.06804   0.15091   0.17699   0.12726   0.84954   0.03989   0.23380   0.47787  
 33 89.8533   4254.898816  x:  0.02462   0.00490   0.20111   0.07206   0.05649   0.00956   0.03817   0.03423   0.06838   0.01305   0.04515   0.01483   0.02146   0.00581   0.01856   0.00950   0.01006   0.03241   0.07048   0.04362   0.06491   0.03418   0.01376   0.00274   0.01438   0.00884   0.00000   0.01314   0.03120   0.03935   0.09021   0.02317   0.02545   0.06964   0.15098   0.18157   0.12159   0.85014   0.03973   0.23320   0.36893  
 34 207.6816   4254.554911  x:  0.02439   0.00500   0.20241   0.07257   0.05784   0.00901   0.03835   0.03566   0.06834   0.01593   0.04575   0.01468   0.02117   0.00583   0.01854   0.01030   0.00938   0.03229   0.07047   0.04581   0.06519   0.03447   0.01368   0.00266   0.01460   0.00884   0.00000   0.01276   0.03123   0.04017   0.08896   0.02311   0.02466   0.07004   0.14813   0.18233   0.12070   0.85053   0.04083   0.23305   0.26329  
 35 432.9579   4254.453063  x:  0.02385   0.00483   0.20289   0.07296   0.05865   0.00892   0.03885   0.03592   0.06783   0.01354   0.04559   0.01476   0.02113   0.00579   0.01841   0.01058   0.00989   0.03219   0.07032   0.04572   0.06593   0.03453   0.01379   0.00272   0.01435   0.00884   0.00000   0.01304   0.03124   0.04011   0.08911   0.02279   0.02442   0.06980   0.14722   0.18192   0.12121   0.85063   0.04125   0.23306   0.23063  
 36 413.1312   4254.430754  x:  0.02421   0.00479   0.20288   0.07307   0.05889   0.00881   0.03897   0.03511   0.06748   0.01398   0.04509   0.01476   0.02131   0.00581   0.01819   0.01018   0.00981   0.03225   0.07023   0.04418   0.06641   0.03447   0.01378   0.00271   0.01442   0.00884   0.00000   0.01299   0.03122   0.03956   0.08997   0.02274   0.02471   0.06935   0.14761   0.18120   0.12209   0.85064   0.04114   0.23307   0.22344  
 37 42.8541   4254.422131  x:  0.02412   0.00486   0.20260   0.07282   0.05855   0.00888   0.03836   0.03523   0.06762   0.01397   0.04528   0.01476   0.02117   0.00580   0.01841   0.01032   0.00980   0.03230   0.07035   0.04418   0.06610   0.03449   0.01376   0.00271   0.01440   0.00884   0.00000   0.01298   0.03123   0.03997   0.09093   0.02290   0.02457   0.06922   0.14898   0.18026   0.12308   0.85064   0.04030   0.23304   0.22099  
 38  8.6304   4254.418264  x:  0.02424   0.00483   0.20236   0.07278   0.05850   0.00885   0.03888   0.03534   0.06780   0.01397   0.04530   0.01476   0.02125   0.00581   0.01817   0.01017   0.00981   0.03233   0.07045   0.04458   0.06586   0.03453   0.01376   0.00271   0.01442   0.00884   0.00000   0.01299   0.03122   0.03969   0.09092   0.02273   0.02473   0.06938   0.14980   0.17983   0.12366   0.85065   0.03985   0.23302   0.22022  
 39  5.9022   4254.411556  x:  0.02411   0.00485   0.20185   0.07302   0.05882   0.00884   0.03884   0.03488   0.06794   0.01398   0.04511   0.01475   0.02129   0.00580   0.01836   0.01031   0.00980   0.03231   0.07036   0.04453   0.06613   0.03450   0.01376   0.00271   0.01440   0.00884   0.00000   0.01298   0.03122   0.03980   0.08962   0.02288   0.02441   0.06989   0.15069   0.17957   0.12444   0.85067   0.03949   0.23305   0.21985  
 40  2.6282   4254.395519  x:  0.02426   0.00478   0.20109   0.07324   0.05879   0.00882   0.03810   0.03609   0.06770   0.01395   0.04535   0.01475   0.02108   0.00581   0.01808   0.01005   0.00979   0.03235   0.07033   0.04388   0.06636   0.03454   0.01376   0.00271   0.01442   0.00883   0.00000   0.01298   0.03124   0.03977   0.08831   0.02265   0.02501   0.06980   0.15109   0.17973   0.12544   0.85078   0.03937   0.23301   0.21990  
 41  3.2780   4254.155381  x:  0.02385   0.00483   0.19448   0.07301   0.05563   0.00915   0.04022   0.03439   0.06507   0.01391   0.04718   0.01464   0.01971   0.00579   0.01882   0.01000   0.00962   0.03309   0.07130   0.04410   0.06570   0.03530   0.01342   0.00270   0.01433   0.00877   0.00000   0.01289   0.03109   0.04180   0.08678   0.02276   0.02514   0.06514   0.14832   0.18403   0.13280   0.85264   0.03851   0.23189   0.22413  
 42  4.9819   4253.427511  x:  0.02340   0.00465   0.18402   0.07357   0.05880   0.00795   0.03714   0.03563   0.06764   0.01350   0.04241   0.01437   0.02160   0.00572   0.01758   0.00972   0.00927   0.03480   0.07287   0.04571   0.06631   0.03719   0.01289   0.00267   0.01403   0.00861   0.00000   0.01257   0.03181   0.03863   0.09238   0.02213   0.01975   0.06719   0.14056   0.19139   0.14463   0.85819   0.03397   0.22904   0.23799  
 43 30.8179   4252.423627  x:  0.02348   0.00385   0.18440   0.07633   0.06302   0.00786   0.04038   0.03520   0.07143   0.01297   0.04691   0.01396   0.01511   0.00565   0.01800   0.00846   0.00847   0.03671   0.07316   0.04366   0.07321   0.03926   0.01194   0.00263   0.01382   0.00837   0.00000   0.01216   0.02984   0.04382   0.09867   0.02184   0.02349   0.07641   0.13641   0.18987   0.14997   0.86596   0.03056   0.22534   0.25799  
 44 51.1724   4250.352474  x:  0.02397   0.00243   0.20536   0.08019   0.05722   0.00641   0.04010   0.03513   0.06598   0.01206   0.05218   0.01328   0.01518   0.00551   0.01655   0.00751   0.00720   0.04102   0.07571   0.04306   0.07949   0.04410   0.01020   0.00254   0.01314   0.00792   0.00000   0.01133   0.03541   0.04091   0.09688   0.02077   0.01439   0.07491   0.13965   0.16984   0.14998   0.88172   0.03541   0.21671   0.29840  
 45 77.4310   4249.925680  x:  0.02434   0.00215   0.21077   0.08016   0.05799   0.00631   0.03957   0.03553   0.06560   0.01185   0.04505   0.01319   0.01319   0.00550   0.01632   0.00686   0.00695   0.04217   0.07700   0.04492   0.07901   0.04539   0.00974   0.00253   0.01307   0.00781   0.00000   0.01121   0.03052   0.04360   0.09543   0.02044   0.01531   0.07097   0.14110   0.16475   0.14968   0.88502   0.03768   0.21450   0.30676  
 46 84.3204   4249.908747  x:  0.02438   0.00215   0.21105   0.07986   0.05947   0.00622   0.03966   0.03548   0.06648   0.01183   0.04511   0.01320   0.01302   0.00550   0.01629   0.00676   0.00695   0.04227   0.07718   0.04482   0.07840   0.04547   0.00972   0.00253   0.01307   0.00780   0.00000   0.01121   0.03161   0.04411   0.09523   0.02041   0.01551   0.06986   0.14124   0.16448   0.14972   0.88517   0.03804   0.21436   0.30711  
 47 13.7445   4249.907039  x:  0.02437   0.00216   0.21107   0.07977   0.05978   0.00618   0.03966   0.03547   0.06668   0.01182   0.04544   0.01320   0.01312   0.00550   0.01626   0.00677   0.00696   0.04229   0.07720   0.04473   0.07826   0.04548   0.00972   0.00253   0.01307   0.00780   0.00000   0.01120   0.03125   0.04404   0.09519   0.02041   0.01536   0.06964   0.14126   0.16445   0.14973   0.88518   0.03812   0.21434   0.30714  
 48  5.0345   4249.898029  x:  0.02435   0.00223   0.21106   0.07806   0.05940   0.00625   0.03967   0.03549   0.06733   0.01185   0.04541   0.01319   0.01303   0.00550   0.01621   0.00678   0.00696   0.04225   0.07702   0.04483   0.07894   0.04548   0.00974   0.00254   0.01308   0.00780   0.00000   0.01119   0.03127   0.04389   0.09509   0.02044   0.01533   0.06989   0.14130   0.16446   0.15011   0.88517   0.03916   0.21442   0.30671  
 49  0.2305   4249.453106  x:  0.02479   0.00168   0.21065   0.07540   0.06252   0.00795   0.03906   0.03543   0.06229   0.01328   0.04658   0.01340   0.01096   0.00529   0.01591   0.00534   0.00735   0.04488   0.07946   0.04483   0.07374   0.04759   0.00992   0.00267   0.01341   0.00754   0.00000   0.01105   0.03115   0.04340   0.09313   0.02085   0.01385   0.07362   0.14193   0.16885   0.14560   0.88446   0.04161   0.21341   0.28524  
 50  1.6328   4249.227470  x:  0.02482   0.00105   0.21041   0.07942   0.05997   0.00912   0.03876   0.03568   0.06795   0.01394   0.04678   0.01342   0.00985   0.00517   0.01608   0.00484   0.00742   0.04569   0.07920   0.04541   0.07593   0.04820   0.01007   0.00273   0.01357   0.00742   0.00000   0.01094   0.03107   0.04219   0.09189   0.02129   0.01305   0.07055   0.14195   0.17119   0.14232   0.88399   0.04067   0.21353   0.27414  
 51 38.6838   4249.058105  x:  0.02386   0.00083   0.20861   0.07795   0.05874   0.00758   0.03862   0.03542   0.06801   0.01374   0.04606   0.01410   0.01018   0.00477   0.01521   0.00498   0.00821   0.04711   0.07801   0.04496   0.07443   0.04818   0.01048   0.00292   0.01384   0.00716   0.00000   0.01074   0.03127   0.04100   0.09121   0.02084   0.01336   0.07073   0.14464   0.17344   0.13614   0.88350   0.04148   0.21791   0.25693  
 52  0.0185   4249.012586  x:  0.02325   0.00171   0.20839   0.07788   0.05884   0.00788   0.03895   0.03551   0.06817   0.01336   0.04566   0.01402   0.01021   0.00436   0.01571   0.00493   0.00804   0.04791   0.07668   0.04458   0.07404   0.04803   0.01047   0.00299   0.01386   0.00694   0.00000   0.01029   0.03133   0.04070   0.09183   0.02087   0.01296   0.07021   0.14489   0.17239   0.13581   0.88290   0.04122   0.21862   0.25804  
 53  0.0033   4248.978545  x:  0.02285   0.00106   0.20859   0.07791   0.05920   0.00813   0.03920   0.03565   0.06814   0.01318   0.04566   0.01387   0.01048   0.00402   0.01610   0.00507   0.00767   0.04871   0.07545   0.04440   0.07392   0.04808   0.01032   0.00305   0.01380   0.00671   0.00000   0.01005   0.03131   0.04057   0.09242   0.02106   0.01331   0.06998   0.14445   0.17129   0.13676   0.88270   0.04100   0.21841   0.26119  
 54  0.0058   4248.957142  x:  0.02313   0.00113   0.20911   0.07811   0.05920   0.00782   0.03897   0.03562   0.06800   0.01355   0.04602   0.01403   0.01025   0.00367   0.01574   0.00487   0.00768   0.04950   0.07523   0.04488   0.07440   0.04858   0.01035   0.00320   0.01380   0.00665   0.00000   0.01019   0.03124   0.04121   0.09227   0.02104   0.01364   0.07038   0.14353   0.17149   0.13802   0.88122   0.04093   0.21798   0.26152  
 55  0.0025   4248.950640  x:  0.02341   0.00110   0.20905   0.07820   0.05920   0.00793   0.03891   0.03558   0.06798   0.01357   0.04591   0.01406   0.01038   0.00355   0.01564   0.00523   0.00764   0.04958   0.07558   0.04495   0.07455   0.04881   0.01044   0.00327   0.01382   0.00672   0.00000   0.01035   0.03129   0.04131   0.09199   0.02102   0.01333   0.07036   0.14372   0.17183   0.13802   0.88043   0.04090   0.21791   0.26198  
 56  0.0016   4248.947450  x:  0.02377   0.00110   0.20884   0.07814   0.05912   0.00797   0.03889   0.03554   0.06798   0.01347   0.04592   0.01395   0.01055   0.00348   0.01574   0.00502   0.00757   0.04949   0.07583   0.04485   0.07453   0.04888   0.01049   0.00330   0.01378   0.00680   0.00000   0.01040   0.03128   0.04119   0.09187   0.02102   0.01338   0.07033   0.14405   0.17201   0.13771   0.88081   0.04089   0.21789   0.26216  
 57  0.0013   4248.946324  x:  0.02385   0.00112   0.20873   0.07809   0.05911   0.00793   0.03891   0.03554   0.06797   0.01343   0.04599   0.01389   0.01037   0.00345   0.01577   0.00510   0.00752   0.04934   0.07593   0.04476   0.07448   0.04888   0.01048   0.00331   0.01376   0.00684   0.00000   0.01038   0.03125   0.04109   0.09191   0.02101   0.01348   0.07034   0.14414   0.17199   0.13750   0.88137   0.04092   0.21791   0.26183  
 58  0.0012   4248.945666  x:  0.02388   0.00113   0.20881   0.07807   0.05913   0.00789   0.03896   0.03558   0.06804   0.01347   0.04590   0.01392   0.01041   0.00343   0.01576   0.00510   0.00756   0.04912   0.07594   0.04478   0.07443   0.04882   0.01039   0.00335   0.01377   0.00688   0.00000   0.01035   0.03128   0.04109   0.09205   0.02103   0.01344   0.07032   0.14398   0.17179   0.13742   0.88209   0.04100   0.21787   0.26122  
 59  0.0007   4248.945444  x:  0.02386   0.00110   0.20889   0.07812   0.05914   0.00792   0.03894   0.03556   0.06802   0.01344   0.04592   0.01394   0.01039   0.00343   0.01573   0.00509   0.00758   0.04900   0.07593   0.04479   0.07444   0.04877   0.01044   0.00337   0.01378   0.00687   0.00000   0.01032   0.03127   0.04109   0.09203   0.02101   0.01343   0.07031   0.14402   0.17180   0.13757   0.88202   0.04097   0.21787   0.26164  
 60  0.0003   4248.945323  x:  0.02383   0.00111   0.20886   0.07811   0.05913   0.00792   0.03892   0.03556   0.06800   0.01347   0.04595   0.01393   0.01040   0.00343   0.01576   0.00509   0.00755   0.04898   0.07594   0.04481   0.07443   0.04873   0.01042   0.00339   0.01378   0.00685   0.00000   0.01030   0.03127   0.04112   0.09195   0.02101   0.01343   0.07033   0.14404   0.17193   0.13755   0.88177   0.04095   0.21788   0.26139  
 61  0.0002   4248.945255  x:  0.02383   0.00112   0.20883   0.07810   0.05912   0.00792   0.03893   0.03556   0.06800   0.01346   0.04594   0.01392   0.01040   0.00344   0.01574   0.00509   0.00756   0.04900   0.07598   0.04478   0.07445   0.04873   0.01042   0.00342   0.01378   0.00684   0.00000   0.01032   0.03127   0.04111   0.09198   0.02102   0.01344   0.07032   0.14404   0.17185   0.13751   0.88157   0.04096   0.21790   0.26165  
 62  0.0002   4248.945237  x:  0.02383   0.00111   0.20884   0.07809   0.05913   0.00791   0.03894   0.03557   0.06801   0.01345   0.04592   0.01392   0.01040   0.00345   0.01574   0.00508   0.00755   0.04902   0.07597   0.04479   0.07445   0.04874   0.01043   0.00342   0.01377   0.00684   0.00000   0.01032   0.03127   0.04110   0.09200   0.02102   0.01343   0.07032   0.14401   0.17184   0.13751   0.88170   0.04097   0.21790   0.26154  
 63  0.0002   4248.945231  x:  0.02383   0.00111   0.20885   0.07810   0.05913   0.00792   0.03894   0.03557   0.06802   0.01346   0.04593   0.01392   0.01040   0.00345   0.01575   0.00509   0.00755   0.04903   0.07596   0.04479   0.07444   0.04875   0.01043   0.00343   0.01377   0.00684   0.00000   0.01032   0.03127   0.04110   0.09200   0.02102   0.01344   0.07032   0.14402   0.17185   0.13752   0.88179   0.04097   0.21789   0.26149  
 64  0.0001   4248.945229  x:  0.02383   0.00111   0.20885   0.07810   0.05913   0.00792   0.03893   0.03556   0.06801   0.01346   0.04593   0.01392   0.01040   0.00345   0.01575   0.00509   0.00755   0.04904   0.07595   0.04479   0.07444   0.04875   0.01043   0.00343   0.01377   0.00685   0.00000   0.01032   0.03127   0.04110   0.09200   0.02102   0.01344   0.07032   0.14403   0.17185   0.13753   0.88182   0.04096   0.21788   0.26152  
 65  0.0000   4248.945229  x:  0.02383   0.00111   0.20885   0.07810   0.05913   0.00792   0.03894   0.03557   0.06801   0.01346   0.04593   0.01392   0.01040   0.00345   0.01575   0.00509   0.00755   0.04904   0.07595   0.04479   0.07444   0.04875   0.01043   0.00343   0.01377   0.00685   0.00000   0.01032   0.03127   0.04110   0.09200   0.02102   0.01344   0.07032   0.14402   0.17185   0.13752   0.88180   0.04096   0.21789   0.26152  
 66  0.0000   4248.945229  x:  0.02383   0.00111   0.20884   0.07810   0.05913   0.00792   0.03894   0.03557   0.06801   0.01346   0.04593   0.01392   0.01040   0.00345   0.01575   0.00509   0.00755   0.04904   0.07595   0.04479   0.07444   0.04875   0.01043   0.00343   0.01377   0.00685   0.00000   0.01032   0.03127   0.04110   0.09200   0.02102   0.01344   0.07032   0.14402   0.17185   0.13752   0.88179   0.04096   0.21789   0.26152  
 67  0.0000   4248.945229  x:  0.02383   0.00111   0.20884   0.07810   0.05913   0.00792   0.03894   0.03557   0.06801   0.01346   0.04593   0.01392   0.01040   0.00345   0.01575   0.00509   0.00755   0.04904   0.07595   0.04479   0.07444   0.04875   0.01043   0.00343   0.01377   0.00685   0.00000   0.01032   0.03127   0.04110   0.09200   0.02102   0.01344   0.07032   0.14402   0.17185   0.13752   0.88179   0.04096   0.21789   0.26152  
 68  0.0000   4248.945229  x:  0.02383   0.00111   0.20884   0.07810   0.05913   0.00792   0.03894   0.03557   0.06801   0.01346   0.04593   0.01392   0.01040   0.00345   0.01575   0.00509   0.00755   0.04904   0.07595   0.04479   0.07444   0.04875   0.01043   0.00343   0.01377   0.00685   0.00000   0.01032   0.03127   0.04110   0.09200   0.02102   0.01344   0.07032   0.14402   0.17185   0.13752   0.88179   0.04096   0.21789   0.26152  
 69  0.0000   4248.945229  x:  0.02383   0.00111   0.20884   0.07810   0.05913   0.00792   0.03894   0.03557   0.06801   0.01346   0.04593   0.01392   0.01040   0.00345   0.01575   0.00509   0.00755   0.04904   0.07595   0.04479   0.07444   0.04875   0.01043   0.00343   0.01377   0.00685   0.00000   0.01032   0.03127   0.04110   0.09200   0.02102   0.01344   0.07032   0.14402   0.17185   0.13752   0.88179   0.04096   0.21789   0.26152  