

TREE # 1

  0  0.0000  13313.599372  x:  0.00000   0.01441   0.21041   0.14457   0.12308   0.00768   0.14846   0.04039   0.06092   0.02406   0.04894   0.02996   0.02106   0.02047   0.02052   0.01113   0.00277   0.05477   0.06298   0.03147   0.07006   0.05552   0.02630   0.00059   0.02071   0.01719   0.00481   0.00774   0.02367   0.06941   0.03167   0.01685   0.02353   0.05564   0.08547   0.13398   0.17158   0.07826   0.07745   1.07680   1.01759  
  1 99.0000  13305.667741  x:  0.00304   0.01501   0.21050   0.14465   0.12320   0.00859   0.14874   0.04096   0.06105   0.02330   0.04906   0.02953   0.02060   0.02052   0.02070   0.01170   0.00021   0.05462   0.06282   0.03144   0.07015   0.05553   0.02534   0.00382   0.02029   0.01552   0.00000   0.00844   0.02295   0.06974   0.03200   0.01574   0.02345   0.05497   0.08560   0.13408   0.17171   0.07837   0.07734   1.08051   1.01501  
  2 1442.2791  13289.861149  x:  0.01213   0.01837   0.21110   0.14511   0.12397   0.01346   0.15063   0.04456   0.06191   0.01855   0.04983   0.02682   0.01781   0.02082   0.02165   0.01474   0.00622   0.05384   0.06184   0.03121   0.07072   0.05576   0.01930   0.00355   0.01823   0.00531   0.00000   0.01259   0.01803   0.07201   0.03407   0.00915   0.02298   0.05057   0.08642   0.13448   0.17240   0.07907   0.07668   1.10557   0.99754  
  3 1987.5781  13276.952094  x:  0.01379   0.01956   0.21145   0.14537   0.12438   0.01487   0.15178   0.04642   0.06247   0.01656   0.05027   0.02561   0.01686   0.02097   0.02174   0.01530   0.00403   0.05331   0.06129   0.03110   0.07101   0.05599   0.01693   0.00000   0.01808   0.00631   0.00000   0.01300   0.01596   0.07330   0.03511   0.00831   0.02292   0.04806   0.08693   0.13458   0.17276   0.07946   0.07630   1.12233   0.98573  
  4 2964.3834  13227.583075  x:  0.01089   0.02493   0.21344   0.14671   0.12664   0.02038   0.15825   0.05636   0.06559   0.00668   0.05270   0.01943   0.01251   0.02175   0.02162   0.01658   0.00429   0.05048   0.05825   0.03053   0.07265   0.05745   0.00554   0.00068   0.01883   0.01876   0.00000   0.01286   0.00555   0.08043   0.04058   0.00744   0.02283   0.03431   0.08974   0.13483   0.17459   0.08157   0.07423   1.21812   0.91800  
  5 13857.2852  13106.610290  x:  0.00608   0.03569   0.21816   0.14985   0.13180   0.03140   0.17350   0.07824   0.07315   0.00608   0.05803   0.01056   0.00894   0.02321   0.02114   0.01858   0.00411   0.04429   0.05168   0.02952   0.07666   0.06121   0.01428   0.00094   0.01860   0.02622   0.00000   0.01260   0.02299   0.09672   0.05192   0.00946   0.02287   0.00716   0.09610   0.13548   0.17907   0.08645   0.06952   1.45603   0.74850  
  6 14683.8386  12938.302291  x:  0.00000   0.04511   0.22318   0.15311   0.13710   0.04050   0.18964   0.10000   0.08090   0.01353   0.06305   0.01405   0.01347   0.02415   0.02022   0.01918   0.00281   0.03901   0.04589   0.02899   0.08058   0.06471   0.01648   0.00113   0.01787   0.02924   0.00000   0.01152   0.02958   0.11364   0.06305   0.01098   0.02311   0.02369   0.10248   0.13617   0.18396   0.09144   0.06490   1.72451   0.55566  
  7 28541.7975  12838.174732  x:  0.00634   0.03054   0.22414   0.15315   0.13654   0.01823   0.19274   0.09322   0.07792   0.01072   0.05836   0.04417   0.02372   0.01949   0.01736   0.00441   0.00328   0.05153   0.05751   0.03338   0.07874   0.06238   0.02030   0.00090   0.02066   0.01707   0.00000   0.00165   0.01833   0.11120   0.05192   0.01921   0.02461   0.01343   0.10053   0.13670   0.18639   0.09088   0.06821   1.92145   0.40478  
  8 7669.1069  12818.824435  x:  0.00629   0.02392   0.22422   0.15300   0.13599   0.00825   0.19302   0.08892   0.07620   0.00978   0.05617   0.05303   0.02605   0.01800   0.01662   0.00202   0.00252   0.05639   0.06214   0.03489   0.07773   0.06127   0.02204   0.00084   0.02204   0.01426   0.00000   0.01122   0.01472   0.10911   0.04678   0.02215   0.02509   0.01046   0.09939   0.13679   0.18705   0.09031   0.06984   1.98825   0.35317  
  9 25321.5609  12806.035943  x:  0.00557   0.01805   0.22392   0.15276   0.13519   0.00000   0.19209   0.08342   0.07408   0.00861   0.05403   0.05596   0.02493   0.01752   0.01718   0.01241   0.00192   0.06025   0.06592   0.03575   0.07660   0.06009   0.02311   0.00081   0.02307   0.01264   0.00000   0.01239   0.01333   0.10600   0.04185   0.02289   0.02520   0.00980   0.09803   0.13683   0.18728   0.08941   0.07160   2.03095   0.32011  
 10 10125.4457  12782.421794  x:  0.00299   0.00592   0.22197   0.15238   0.13286   0.00549   0.18629   0.06532   0.06708   0.00741   0.04867   0.04689   0.01218   0.01933   0.02052   0.01095   0.00071   0.06765   0.07377   0.03600   0.07315   0.05674   0.02272   0.00082   0.02448   0.01181   0.00000   0.01096   0.01579   0.09412   0.02978   0.01796   0.02446   0.01395   0.09319   0.13679   0.18678   0.08607   0.07667   2.08328   0.28133  
 11 2788.7927  12772.681852  x:  0.00429   0.01072   0.22060   0.15248   0.13095   0.00153   0.18089   0.05140   0.06280   0.01556   0.04650   0.03576   0.01393   0.02062   0.02279   0.00886   0.00115   0.07064   0.07722   0.03500   0.07111   0.05495   0.02024   0.00085   0.02391   0.01316   0.00000   0.00982   0.01493   0.08462   0.02603   0.01347   0.02408   0.01393   0.08978   0.13692   0.18618   0.08357   0.07991   2.11008   0.26717  
 12 1773.0531  12767.641461  x:  0.00400   0.01402   0.21917   0.15261   0.12960   0.00339   0.17569   0.04111   0.05996   0.01067   0.04609   0.03004   0.02097   0.01970   0.02212   0.00910   0.00109   0.07200   0.07898   0.03409   0.06999   0.05434   0.02128   0.00082   0.02288   0.01241   0.00000   0.00978   0.01541   0.07690   0.02825   0.01532   0.02451   0.01515   0.08735   0.13702   0.18551   0.08157   0.08217   2.12725   0.26449  
 13 1043.9964  12762.704225  x:  0.00379   0.01153   0.21596   0.15248   0.12780   0.00203   0.16553   0.03417   0.05891   0.01257   0.04869   0.02955   0.01629   0.01809   0.01799   0.00890   0.00084   0.07108   0.07881   0.03270   0.06970   0.05517   0.02157   0.00079   0.02144   0.01034   0.00000   0.00965   0.01355   0.06681   0.03590   0.01826   0.02500   0.01520   0.08480   0.13716   0.18419   0.07881   0.08462   2.15398   0.27587  
 14 519.7407  12758.336781  x:  0.00610   0.01044   0.21190   0.15224   0.12572   0.00538   0.15266   0.03283   0.05784   0.01410   0.04927   0.03518   0.01754   0.01983   0.02041   0.01063   0.00204   0.07156   0.07987   0.03293   0.06921   0.05523   0.02124   0.00083   0.02312   0.01376   0.00000   0.01062   0.01450   0.05827   0.03249   0.01618   0.02445   0.01432   0.08211   0.13730   0.18240   0.07585   0.08748   2.18402   0.29329  
 15 798.0130  12755.836222  x:  0.00495   0.01119   0.20966   0.15198   0.12448   0.00228   0.14570   0.03416   0.05731   0.01111   0.04861   0.03511   0.01712   0.02053   0.02227   0.00945   0.00146   0.07195   0.08055   0.03324   0.06885   0.05492   0.02112   0.00084   0.02354   0.01312   0.00000   0.01038   0.01615   0.05633   0.02847   0.01390   0.02405   0.01533   0.08100   0.13725   0.18128   0.07454   0.08889   2.20067   0.30401  
 16 1135.3807  12754.855866  x:  0.00294   0.01116   0.20856   0.15173   0.12388   0.00304   0.14279   0.03489   0.05680   0.01198   0.04697   0.03372   0.01785   0.01968   0.02242   0.00969   0.00054   0.07318   0.08181   0.03368   0.06839   0.05419   0.02140   0.00082   0.02327   0.01113   0.00000   0.01030   0.01459   0.05817   0.02561   0.01493   0.02423   0.01490   0.08071   0.13712   0.18059   0.07424   0.08959   2.20790   0.30914  
 17 489.4730  12754.385678  x:  0.00459   0.01046   0.20787   0.15141   0.12344   0.00282   0.14151   0.03493   0.05630   0.01213   0.04523   0.03207   0.01790   0.01906   0.02206   0.00963   0.00120   0.07486   0.08336   0.03405   0.06798   0.05336   0.02205   0.00082   0.02327   0.01184   0.00000   0.01035   0.01430   0.06102   0.02496   0.01628   0.02449   0.01545   0.08073   0.13703   0.18007   0.07437   0.08998   2.21195   0.31225  
 18 310.7099  12754.164909  x:  0.00413   0.01044   0.20745   0.15103   0.12310   0.00286   0.14147   0.03415   0.05588   0.01225   0.04411   0.03242   0.01803   0.01970   0.02184   0.00968   0.00099   0.07708   0.08538   0.03420   0.06750   0.05263   0.02158   0.00082   0.02345   0.01194   0.00000   0.01039   0.01484   0.06326   0.02654   0.01521   0.02443   0.01534   0.08095   0.13685   0.17954   0.07476   0.09022   2.21393   0.31393  
 19 132.5741  12754.110947  x:  0.00409   0.01125   0.20733   0.15073   0.12298   0.00296   0.14232   0.03407   0.05593   0.01219   0.04481   0.03262   0.01752   0.01947   0.02202   0.00973   0.00099   0.07845   0.08664   0.03380   0.06740   0.05272   0.02187   0.00083   0.02329   0.01205   0.00000   0.01044   0.01476   0.06326   0.02646   0.01534   0.02434   0.01545   0.08119   0.13671   0.17914   0.07511   0.09017   2.21451   0.31451  
 20 48.2780  12754.076864  x:  0.00409   0.01076   0.20722   0.15039   0.12294   0.00291   0.14339   0.03436   0.05613   0.01227   0.04547   0.03218   0.01789   0.01960   0.02198   0.00972   0.00097   0.07937   0.08750   0.03341   0.06745   0.05297   0.02170   0.00083   0.02318   0.01201   0.00000   0.01043   0.01484   0.06289   0.02639   0.01529   0.02433   0.01547   0.08143   0.13657   0.17876   0.07542   0.08998   2.21498   0.31502  
 21 49.1479  12754.053851  x:  0.00411   0.01085   0.20722   0.15003   0.12303   0.00290   0.14478   0.03431   0.05629   0.01228   0.04465   0.03211   0.01783   0.01960   0.02194   0.00973   0.00096   0.07945   0.08766   0.03376   0.06772   0.05311   0.02170   0.00082   0.02357   0.01193   0.00000   0.01043   0.01481   0.06229   0.02636   0.01535   0.02451   0.01550   0.08146   0.13644   0.17829   0.07546   0.08958   2.21541   0.31547  
 22 15.3441  12754.023245  x:  0.00409   0.01068   0.20724   0.14964   0.12314   0.00288   0.14602   0.03380   0.05598   0.01226   0.04451   0.03228   0.01788   0.01944   0.02204   0.00972   0.00097   0.07900   0.08738   0.03381   0.06775   0.05283   0.02188   0.00083   0.02285   0.01208   0.00000   0.01043   0.01472   0.06241   0.02616   0.01511   0.02407   0.01546   0.08123   0.13634   0.17772   0.07528   0.08925   2.21590   0.31588  
 23 14.1797  12753.947184  x:  0.00417   0.01078   0.20729   0.14897   0.12320   0.00285   0.14726   0.03337   0.05507   0.01228   0.04516   0.03250   0.01778   0.01998   0.02225   0.00973   0.00098   0.07827   0.08693   0.03354   0.06724   0.05209   0.02126   0.00082   0.02323   0.01182   0.00000   0.01046   0.01507   0.06291   0.02589   0.01580   0.02447   0.01543   0.08054   0.13624   0.17662   0.07477   0.08922   2.21670   0.31624  
 24 21.2367  12753.679153  x:  0.00421   0.01065   0.20730   0.14747   0.12303   0.00289   0.14824   0.03419   0.05390   0.01228   0.04610   0.03225   0.01798   0.01901   0.02202   0.00972   0.00094   0.07731   0.08648   0.03327   0.06579   0.05148   0.02254   0.00082   0.02499   0.01191   0.00000   0.01041   0.01431   0.06328   0.02636   0.01447   0.02525   0.01550   0.07904   0.13611   0.17388   0.07369   0.09027   2.21876   0.31637  
 25 36.5804  12751.698762  x:  0.00456   0.01195   0.20734   0.14096   0.12163   0.00321   0.14726   0.03837   0.05661   0.01243   0.04446   0.03208   0.01775   0.02045   0.02093   0.00987   0.00099   0.07519   0.08574   0.03475   0.06237   0.05406   0.02171   0.00081   0.02231   0.01205   0.00000   0.01046   0.01501   0.06306   0.02774   0.01601   0.02183   0.01583   0.07614   0.13596   0.16035   0.07110   0.09757   2.23238   0.31556  
 26 74.6022  12747.194723  x:  0.00461   0.01132   0.20770   0.13440   0.12088   0.00364   0.14454   0.03479   0.06375   0.01271   0.04547   0.03261   0.01796   0.01684   0.02456   0.00979   0.00074   0.07007   0.08086   0.03378   0.06912   0.05780   0.01977   0.00078   0.01960   0.01246   0.00000   0.01051   0.01676   0.06719   0.02747   0.01436   0.03044   0.01615   0.08238   0.13616   0.14362   0.07393   0.10376   2.26754   0.31714  
 27 240.0144  12738.152251  x:  0.00511   0.01199   0.20872   0.13208   0.12216   0.00397   0.14263   0.03117   0.06542   0.01242   0.04900   0.03045   0.01785   0.02817   0.02267   0.00968   0.00020   0.06304   0.07183   0.03133   0.08130   0.05693   0.02707   0.00067   0.02603   0.01084   0.00000   0.01041   0.01134   0.07178   0.02696   0.01370   0.02436   0.01777   0.09422   0.13688   0.13219   0.08151   0.10318   2.34092   0.32326  
 28 598.1383  12729.326047  x:  0.00508   0.01255   0.20925   0.13323   0.12321   0.00422   0.14289   0.03301   0.06283   0.01305   0.04955   0.02994   0.01796   0.02545   0.02115   0.00993   0.00000   0.06114   0.06876   0.03163   0.08372   0.05471   0.02526   0.00063   0.02702   0.01073   0.00000   0.01052   0.01308   0.07170   0.02740   0.01368   0.02155   0.01850   0.09685   0.13721   0.13241   0.08355   0.10033   2.37918   0.32672  
 29 1466.7458  12701.417824  x:  0.00399   0.01309   0.21264   0.14420   0.12930   0.00442   0.15028   0.04689   0.05639   0.01496   0.04783   0.02631   0.01711   0.03512   0.03100   0.01036   0.00000   0.05215   0.05735   0.03511   0.07765   0.05392   0.03093   0.00043   0.01047   0.01203   0.00000   0.01094   0.01060   0.07161   0.03628   0.01360   0.03659   0.02266   0.09320   0.13838   0.15220   0.08280   0.07984   2.58873   0.34746  
 30 2669.9341  12687.837897  x:  0.00402   0.01246   0.21584   0.15151   0.13261   0.00489   0.16020   0.03953   0.07741   0.01557   0.05039   0.02452   0.01770   0.03333   0.03319   0.01078   0.00000   0.04263   0.05308   0.03071   0.06517   0.07059   0.02986   0.00029   0.01644   0.01076   0.00000   0.01116   0.01190   0.08363   0.03545   0.01229   0.03286   0.02465   0.08000   0.13841   0.17341   0.07329   0.07021   2.70200   0.36152  
 31 1538.1002  12686.852777  x:  0.00402   0.01351   0.21740   0.15183   0.13293   0.00521   0.16329   0.03916   0.07940   0.01540   0.05180   0.02467   0.01761   0.03447   0.02763   0.01113   0.00000   0.04300   0.05232   0.03238   0.06829   0.06989   0.02980   0.00029   0.01543   0.01134   0.00000   0.01124   0.01243   0.08469   0.03341   0.01089   0.03479   0.02490   0.07763   0.13818   0.17813   0.07083   0.07621   2.71008   0.36309  
 32 198.7038  12686.817587  x:  0.00402   0.01349   0.21742   0.15181   0.13292   0.00521   0.16331   0.03917   0.07940   0.01540   0.05178   0.02466   0.01761   0.03446   0.02773   0.01112   0.00037   0.04299   0.05233   0.03235   0.06831   0.06987   0.02981   0.00029   0.01545   0.01133   0.00000   0.01123   0.01242   0.08468   0.03345   0.01092   0.03476   0.02490   0.07765   0.13817   0.17816   0.07082   0.07627   2.71007   0.36309  
 33 194.3094  12686.611440  x:  0.00393   0.01312   0.21872   0.15127   0.13282   0.00510   0.16481   0.03952   0.07983   0.01549   0.05142   0.02449   0.01768   0.03413   0.02988   0.01102   0.00030   0.04270   0.05235   0.03160   0.06979   0.06862   0.02991   0.00028   0.01580   0.01111   0.00000   0.01122   0.01222   0.08460   0.03432   0.01143   0.03401   0.02491   0.07773   0.13793   0.18064   0.06990   0.08036   2.71207   0.36370  
 34 96.6269  12686.582712  x:  0.00395   0.01313   0.22016   0.15021   0.13249   0.00513   0.16489   0.03939   0.07975   0.01548   0.05135   0.02453   0.01767   0.03415   0.02967   0.01102   0.00032   0.04236   0.05230   0.03169   0.06869   0.06859   0.02992   0.00028   0.01577   0.01113   0.00000   0.01123   0.01223   0.08442   0.03418   0.01138   0.03409   0.02492   0.07905   0.13776   0.18137   0.07003   0.08079   2.71244   0.36391  
 35 16.9538  12686.548556  x:  0.00393   0.01308   0.22280   0.14860   0.13205   0.00518   0.16437   0.03937   0.07960   0.01550   0.05140   0.02447   0.01767   0.03413   0.02976   0.01102   0.00030   0.04312   0.05182   0.03172   0.06917   0.06880   0.02990   0.00028   0.01581   0.01112   0.00000   0.01123   0.01223   0.08447   0.03423   0.01139   0.03403   0.02493   0.07853   0.13763   0.18179   0.06995   0.08012   2.71297   0.36404  
 36 11.8253  12686.513401  x:  0.00392   0.01309   0.22445   0.14821   0.13194   0.00521   0.16400   0.03947   0.07952   0.01551   0.05135   0.02448   0.01766   0.03416   0.02961   0.01103   0.00031   0.04224   0.05314   0.03149   0.06972   0.06873   0.02989   0.00028   0.01576   0.01114   0.00000   0.01123   0.01225   0.08447   0.03421   0.01137   0.03407   0.02494   0.07800   0.13764   0.18180   0.07021   0.07972   2.71347   0.36410  
 37 14.8339  12685.813178  x:  0.00388   0.01214   0.23547   0.15799   0.13485   0.00493   0.16466   0.03891   0.08119   0.01557   0.05230   0.02411   0.01775   0.03382   0.03039   0.01103   0.00031   0.04354   0.05377   0.03396   0.06756   0.06665   0.02992   0.00028   0.01604   0.01102   0.00000   0.01125   0.01225   0.08383   0.03433   0.01151   0.03386   0.02513   0.07716   0.13921   0.17726   0.07278   0.08105   2.72471   0.36584  
 38 10.3888  12684.911739  x:  0.00392   0.01217   0.24053   0.16376   0.13562   0.00490   0.16521   0.03961   0.08017   0.01555   0.04944   0.02484   0.01768   0.03382   0.02859   0.01117   0.00028   0.04533   0.05344   0.02763   0.06714   0.06715   0.02977   0.00027   0.01571   0.01120   0.00000   0.01131   0.01256   0.08342   0.03372   0.01124   0.03444   0.02523   0.07851   0.13964   0.17483   0.07071   0.08153   2.73769   0.36681  
 39 98.2685  12678.238261  x:  0.00377   0.01200   0.24369   0.17437   0.12915   0.00492   0.16713   0.04065   0.06796   0.01650   0.05223   0.02456   0.01786   0.03214   0.02919   0.01130   0.00011   0.04851   0.06114   0.03325   0.07342   0.07890   0.02869   0.00021   0.01741   0.01089   0.00000   0.01145   0.01363   0.08616   0.03492   0.01171   0.03266   0.02654   0.09078   0.13631   0.17342   0.05390   0.08063   2.83477   0.37065  
 40 187.7041  12663.170409  x:  0.00334   0.01277   0.23670   0.17390   0.12101   0.00537   0.16917   0.04177   0.06283   0.01727   0.05192   0.02538   0.01808   0.02991   0.02746   0.01177   0.00000   0.05192   0.06362   0.03276   0.07395   0.08107   0.02767   0.00013   0.01892   0.01079   0.00000   0.01165   0.01506   0.08587   0.03510   0.01202   0.03194   0.02814   0.09048   0.13186   0.17904   0.06603   0.08239   2.96755   0.37550  
 41 960.9367  12649.398659  x:  0.00219   0.01501   0.22182   0.15894   0.13062   0.00617   0.16478   0.04472   0.08407   0.01787   0.05453   0.02468   0.01846   0.02687   0.02351   0.01245   0.00000   0.06104   0.07323   0.03182   0.07339   0.04743   0.02770   0.00000   0.02062   0.01106   0.00000   0.01190   0.01672   0.08021   0.03633   0.01252   0.03166   0.03101   0.09900   0.13671   0.18676   0.05890   0.07048   3.17038   0.38066  
 42 1391.7462  12649.398659  x:  0.00219   0.01501   0.22182   0.15894   0.13062   0.00617   0.16478   0.04472   0.08407   0.01787   0.05453   0.02468   0.01846   0.02687   0.02351   0.01245   0.00000   0.06104   0.07323   0.03182   0.07339   0.04743   0.02770   0.00000   0.02062   0.01106   0.00000   0.01190   0.01672   0.08021   0.03633   0.01252   0.03166   0.03101   0.09900   0.13671   0.18676   0.05890   0.07048   3.17038   0.38066  
 43 183.3061  12648.559559  x:  0.00222   0.01501   0.22181   0.15893   0.13061   0.00620   0.16477   0.04474   0.08396   0.01790   0.05450   0.02474   0.01848   0.02676   0.02347   0.01243   0.00000   0.06099   0.07316   0.03181   0.07339   0.04753   0.02763   0.00140   0.02063   0.01107   0.00000   0.01178   0.01683   0.08019   0.03632   0.01253   0.03153   0.03129   0.09895   0.13671   0.18675   0.05908   0.07054   3.17042   0.38062  
 44 2357.7984  12638.719304  x:  0.00364   0.01488   0.22110   0.15820   0.13049   0.00778   0.16417   0.04585   0.07745   0.01992   0.05288   0.02818   0.01970   0.02062   0.02128   0.01132   0.00000   0.05828   0.06892   0.03163   0.07335   0.05311   0.02263   0.00123   0.02065   0.01113   0.00000   0.00547   0.02149   0.07913   0.03546   0.01354   0.02444   0.04693   0.09622   0.13679   0.18637   0.06888   0.07410   3.17224   0.37830  
 45 818.4276  12636.472007  x:  0.00270   0.01493   0.22070   0.15776   0.13039   0.00765   0.16383   0.04627   0.07398   0.02030   0.05212   0.02901   0.01987   0.01909   0.02072   0.01145   0.00000   0.05698   0.06679   0.03162   0.07334   0.05542   0.02090   0.00120   0.02052   0.01137   0.00000   0.01094   0.02211   0.07858   0.03495   0.01366   0.02210   0.05177   0.09477   0.13679   0.18612   0.07325   0.07569   3.17337   0.37692  
 46 908.6063  12635.011568  x:  0.00107   0.01541   0.21985   0.15685   0.13012   0.00562   0.16311   0.04658   0.06797   0.01937   0.05114   0.02790   0.01906   0.02203   0.02155   0.01299   0.00000   0.05524   0.06351   0.03187   0.07338   0.05756   0.02123   0.00125   0.01997   0.01190   0.00000   0.01025   0.01904   0.07767   0.03405   0.01311   0.02332   0.05189   0.09222   0.13684   0.18555   0.07862   0.07756   3.17605   0.37392  
 47 299.7392  12634.639079  x:  0.00310   0.01556   0.21945   0.15647   0.13004   0.00575   0.16280   0.04668   0.06572   0.01923   0.05088   0.02748   0.01892   0.02262   0.02181   0.01297   0.00000   0.05469   0.06239   0.03198   0.07340   0.05809   0.02158   0.00125   0.01995   0.01173   0.00000   0.01042   0.01843   0.07734   0.03383   0.01310   0.02388   0.05115   0.09119   0.13693   0.18533   0.08042   0.07812   3.17741   0.37251  
 48 425.9929  12634.184711  x:  0.00249   0.01558   0.21859   0.15576   0.12998   0.00771   0.16223   0.04680   0.06272   0.01973   0.05080   0.02715   0.01922   0.02184   0.02178   0.01159   0.00000   0.05425   0.06115   0.03215   0.07344   0.05813   0.02234   0.00124   0.02041   0.01086   0.00000   0.01030   0.01949   0.07689   0.03391   0.01351   0.02449   0.04848   0.08955   0.13700   0.18479   0.08242   0.07859   3.18055   0.36952  
 49 228.9351  12633.857991  x:  0.00260   0.01539   0.21754   0.15487   0.12981   0.00634   0.16156   0.04665   0.06153   0.02027   0.05107   0.02772   0.01956   0.02029   0.02141   0.01231   0.00000   0.05448   0.06100   0.03218   0.07347   0.05744   0.02212   0.00122   0.02074   0.01199   0.00000   0.01011   0.02045   0.07671   0.03443   0.01319   0.02375   0.04633   0.08838   0.13711   0.18417   0.08320   0.07847   3.18516   0.36571  
 50 152.8654  12633.239668  x:  0.00265   0.01571   0.21490   0.15297   0.12965   0.00641   0.16013   0.04644   0.06221   0.02028   0.05166   0.02883   0.01922   0.02113   0.02112   0.01270   0.00000   0.05552   0.06214   0.03200   0.07351   0.05590   0.02039   0.00126   0.01942   0.01000   0.00000   0.01005   0.01956   0.07676   0.03536   0.01349   0.02231   0.04612   0.08695   0.13737   0.18268   0.08329   0.07756   3.19904   0.35583  
 51 181.8563  12632.623880  x:  0.00267   0.01624   0.21223   0.15129   0.12961   0.00777   0.15888   0.04647   0.06380   0.01978   0.05193   0.02868   0.01905   0.02215   0.02140   0.01172   0.00000   0.05621   0.06332   0.03183   0.07357   0.05530   0.02084   0.00124   0.01989   0.01257   0.00000   0.01020   0.01906   0.07696   0.03544   0.01360   0.02297   0.04790   0.08639   0.13764   0.18128   0.08287   0.07672   3.21584   0.34556  
 52 475.3153  12632.112343  x:  0.00271   0.01633   0.21065   0.15063   0.12965   0.00650   0.15845   0.04664   0.06520   0.01943   0.05162   0.02721   0.01942   0.02141   0.02193   0.01219   0.00000   0.05593   0.06358   0.03190   0.07362   0.05628   0.02285   0.00120   0.02084   0.01103   0.00000   0.01038   0.02036   0.07725   0.03437   0.01303   0.02485   0.04964   0.08733   0.13777   0.18068   0.08205   0.07657   3.23176   0.33907  
 53 361.0390  12630.805187  x:  0.00269   0.01523   0.20988   0.15258   0.13049   0.00724   0.16016   0.04757   0.06619   0.02144   0.05005   0.02615   0.01931   0.01915   0.02145   0.01304   0.00000   0.05300   0.06124   0.03266   0.07360   0.06070   0.02239   0.00125   0.01992   0.01136   0.00000   0.01009   0.01766   0.07800   0.03163   0.01477   0.02354   0.04785   0.09337   0.13770   0.18171   0.07890   0.07849   3.28145   0.33349  
 54 263.2883  12628.524770  x:  0.00289   0.01552   0.21032   0.15679   0.13175   0.00609   0.16362   0.04798   0.06526   0.02025   0.04904   0.02859   0.01939   0.02313   0.02113   0.01012   0.00000   0.05048   0.05826   0.03295   0.07357   0.06433   0.02007   0.00121   0.02016   0.01167   0.00000   0.01006   0.02101   0.07866   0.03275   0.01137   0.02169   0.04567   0.10062   0.13746   0.18433   0.07586   0.08174   3.37174   0.33048  
 55 1040.6939  12624.419473  x:  0.00282   0.01756   0.21295   0.16411   0.13349   0.00688   0.16940   0.04712   0.06138   0.01674   0.05060   0.03197   0.01935   0.02430   0.02219   0.01496   0.00000   0.05228   0.05752   0.03208   0.07371   0.06318   0.01956   0.00115   0.02091   0.01211   0.00000   0.01033   0.02427   0.07895   0.03933   0.01786   0.02484   0.04630   0.10608   0.13702   0.18932   0.07532   0.08571   3.55098   0.33285  
 56 1948.9975  12614.995491  x:  0.00248   0.01653   0.21930   0.17532   0.13534   0.00541   0.17811   0.04479   0.05616   0.02146   0.05504   0.02943   0.01842   0.01837   0.02157   0.01087   0.00000   0.05996   0.06219   0.03072   0.07403   0.05353   0.02419   0.00123   0.01902   0.01100   0.00000   0.01039   0.01662   0.07778   0.04415   0.01162   0.02703   0.05078   0.10472   0.13632   0.19800   0.07989   0.08857   3.92921   0.34634  
 57 3933.1096  12608.079209  x:  0.00255   0.01111   0.22347   0.17641   0.13443   0.00557   0.17860   0.04522   0.06039   0.02206   0.05380   0.02268   0.02074   0.02397   0.02044   0.01257   0.00000   0.06107   0.06607   0.03249   0.07391   0.04980   0.02339   0.00116   0.02228   0.01130   0.00000   0.01033   0.02014   0.07619   0.03303   0.01448   0.02104   0.04991   0.09251   0.13636   0.20036   0.08492   0.08347   4.20902   0.36226  
 58 3433.7633  12604.338262  x:  0.00241   0.01369   0.22522   0.17157   0.13238   0.00659   0.17407   0.04646   0.06611   0.01836   0.05089   0.02866   0.01853   0.02079   0.02229   0.01261   0.00000   0.05747   0.06607   0.03275   0.07365   0.05407   0.02161   0.00118   0.02021   0.01153   0.00000   0.01022   0.02029   0.07577   0.02781   0.01299   0.02426   0.04791   0.08244   0.13686   0.19805   0.08610   0.07664   4.36368   0.37425  
 59 2517.8044  12602.629939  x:  0.00244   0.01405   0.22493   0.16416   0.13021   0.00549   0.16772   0.04724   0.06858   0.02014   0.04964   0.02736   0.02012   0.02122   0.02135   0.01124   0.00000   0.05382   0.06402   0.03213   0.07352   0.05827   0.02231   0.00119   0.02041   0.01135   0.00000   0.01026   0.01935   0.07645   0.03440   0.01439   0.02434   0.04794   0.07956   0.13746   0.19355   0.08494   0.07252   4.43614   0.38207  
 60 1147.4501  12602.025760  x:  0.00243   0.01414   0.22412   0.15933   0.12922   0.00767   0.16371   0.04716   0.06783   0.02007   0.05028   0.02633   0.01926   0.02120   0.02133   0.01354   0.00000   0.05360   0.06306   0.03205   0.07354   0.05841   0.02248   0.00119   0.02079   0.01137   0.00000   0.01022   0.01961   0.07695   0.03540   0.01228   0.02357   0.04824   0.08119   0.13779   0.19028   0.08391   0.07224   4.46165   0.38571  
 61 606.8815  12601.359505  x:  0.00250   0.01429   0.22248   0.15226   0.12796   0.00682   0.15800   0.04658   0.06562   0.01913   0.05171   0.02643   0.01840   0.02094   0.02153   0.01198   0.00000   0.05473   0.06232   0.03227   0.07361   0.05695   0.02224   0.00119   0.02061   0.01141   0.00000   0.01022   0.01973   0.07746   0.03352   0.01353   0.02349   0.04879   0.08521   0.13820   0.18523   0.08247   0.07366   4.48926   0.39041  
 62 535.9531  12601.299530  x:  0.00251   0.01457   0.22204   0.15155   0.12801   0.00692   0.15752   0.04667   0.06551   0.01974   0.05146   0.02701   0.01963   0.02123   0.02158   0.01217   0.00000   0.05495   0.06259   0.03229   0.07361   0.05677   0.02222   0.00119   0.02051   0.01142   0.00000   0.01025   0.01963   0.07738   0.03314   0.01342   0.02387   0.04881   0.08562   0.13820   0.18446   0.08243   0.07432   4.49182   0.39096  
 63 108.4455  12601.277224  x:  0.00254   0.01471   0.22129   0.15139   0.12838   0.00688   0.15761   0.04693   0.06575   0.01998   0.05070   0.02707   0.01922   0.02129   0.02145   0.01219   0.00000   0.05504   0.06321   0.03225   0.07359   0.05679   0.02228   0.00119   0.02063   0.01140   0.00000   0.01025   0.01970   0.07712   0.03328   0.01346   0.02391   0.04868   0.08559   0.13811   0.18365   0.08256   0.07532   4.49277   0.39134  
 64 29.4005  12601.271157  x:  0.00254   0.01466   0.22082   0.15143   0.12860   0.00689   0.15779   0.04694   0.06584   0.01963   0.05065   0.02693   0.01941   0.02116   0.02152   0.01215   0.00000   0.05501   0.06334   0.03223   0.07359   0.05683   0.02225   0.00119   0.02055   0.01141   0.00000   0.01024   0.01964   0.07703   0.03337   0.01342   0.02381   0.04862   0.08551   0.13805   0.18324   0.08256   0.07561   4.49304   0.39150  
 65 20.0820  12601.266000  x:  0.00255   0.01460   0.22002   0.15165   0.12891   0.00686   0.15817   0.04682   0.06588   0.01977   0.05105   0.02696   0.01935   0.02120   0.02162   0.01217   0.00000   0.05491   0.06319   0.03223   0.07359   0.05689   0.02223   0.00119   0.02055   0.01141   0.00000   0.01025   0.01967   0.07700   0.03334   0.01343   0.02386   0.04866   0.08537   0.13794   0.18264   0.08248   0.07560   4.49328   0.39172  
 66 12.4740  12601.264984  x:  0.00255   0.01471   0.21979   0.15173   0.12893   0.00686   0.15827   0.04682   0.06582   0.01973   0.05098   0.02697   0.01936   0.02120   0.02147   0.01217   0.00000   0.05494   0.06312   0.03225   0.07359   0.05685   0.02227   0.00119   0.02060   0.01140   0.00000   0.01025   0.01964   0.07705   0.03330   0.01343   0.02384   0.04868   0.08539   0.13793   0.18251   0.08246   0.07545   4.49335   0.39178  
 67  6.0786  12601.264465  x:  0.00255   0.01469   0.21963   0.15178   0.12889   0.00685   0.15831   0.04684   0.06577   0.01975   0.05086   0.02695   0.01936   0.02120   0.02155   0.01217   0.00000   0.05498   0.06311   0.03225   0.07359   0.05682   0.02225   0.00119   0.02054   0.01142   0.00000   0.01025   0.01967   0.07710   0.03331   0.01343   0.02384   0.04869   0.08544   0.13794   0.18249   0.08247   0.07532   4.49339   0.39181  
 68  3.6413  12601.263871  x:  0.00255   0.01460   0.21947   0.15181   0.12877   0.00686   0.15831   0.04687   0.06577   0.01974   0.05085   0.02700   0.01936   0.02120   0.02156   0.01217   0.00000   0.05498   0.06316   0.03223   0.07359   0.05683   0.02222   0.00119   0.02064   0.01140   0.00000   0.01025   0.01963   0.07712   0.03332   0.01342   0.02387   0.04868   0.08549   0.13796   0.18254   0.08254   0.07528   4.49348   0.39184  
 69  1.8836  12601.261833  x:  0.00255   0.01468   0.21905   0.15189   0.12840   0.00687   0.15825   0.04689   0.06583   0.01973   0.05099   0.02699   0.01936   0.02122   0.02150   0.01217   0.00000   0.05492   0.06331   0.03221   0.07358   0.05692   0.02230   0.00119   0.02053   0.01141   0.00000   0.01025   0.01967   0.07711   0.03332   0.01343   0.02384   0.04863   0.08560   0.13806   0.18280   0.08271   0.07530   4.49380   0.39191  
 70  4.7210  12601.257778  x:  0.00254   0.01495   0.21866   0.15192   0.12819   0.00687   0.15814   0.04680   0.06592   0.01978   0.05099   0.02684   0.01937   0.02116   0.02161   0.01215   0.00000   0.05493   0.06317   0.03231   0.07358   0.05684   0.02209   0.00119   0.02064   0.01141   0.00000   0.01024   0.01966   0.07704   0.03333   0.01342   0.02386   0.04863   0.08553   0.13813   0.18317   0.08262   0.07546   4.49447   0.39196  
 71  4.8843  12601.241749  x:  0.00253   0.01460   0.21774   0.15184   0.12808   0.00691   0.15782   0.04662   0.06598   0.01973   0.05073   0.02702   0.01935   0.02118   0.02145   0.01219   0.00000   0.05502   0.06255   0.03236   0.07362   0.05658   0.02229   0.00119   0.02050   0.01141   0.00000   0.01024   0.01967   0.07683   0.03336   0.01342   0.02390   0.04881   0.08511   0.13823   0.18423   0.08200   0.07595   4.49719   0.39202  
 72 16.8557  12601.169504  x:  0.00249   0.01508   0.21661   0.15142   0.12958   0.00678   0.15740   0.04748   0.06509   0.01977   0.05096   0.02727   0.01937   0.02123   0.02204   0.01217   0.00000   0.05517   0.06301   0.03145   0.07363   0.05705   0.02275   0.00118   0.02087   0.01132   0.00000   0.01020   0.01951   0.07702   0.03318   0.01351   0.02318   0.04890   0.08481   0.13797   0.18615   0.08100   0.07592   4.50949   0.39188  
 73 28.2538  12600.998003  x:  0.00249   0.01490   0.21532   0.15068   0.13255   0.00666   0.15706   0.04821   0.06391   0.01984   0.05139   0.02667   0.01935   0.02118   0.02097   0.01219   0.00000   0.05515   0.06427   0.03208   0.07359   0.05780   0.02141   0.00117   0.02024   0.01151   0.00000   0.01015   0.01991   0.07753   0.03328   0.01335   0.02430   0.04903   0.08518   0.13732   0.18876   0.08056   0.07547   4.53875   0.39128  
 74 206.2565  12600.421403  x:  0.00244   0.01512   0.21475   0.15022   0.13717   0.00663   0.15796   0.04496   0.06514   0.01970   0.05081   0.02805   0.01929   0.02111   0.02189   0.01208   0.00000   0.05415   0.06409   0.03519   0.07356   0.05730   0.02261   0.00111   0.02066   0.01130   0.00000   0.00991   0.01963   0.07820   0.03423   0.01345   0.02325   0.04872   0.08860   0.13603   0.19158   0.08371   0.07503   4.63830   0.38845  
 75 367.4581  12599.643047  x:  0.00246   0.01521   0.21623   0.15199   0.13715   0.00655   0.16063   0.04454   0.06689   0.01976   0.05065   0.02772   0.01931   0.02087   0.02106   0.01197   0.00000   0.05426   0.06123   0.02978   0.07361   0.05606   0.02142   0.00105   0.02019   0.01141   0.00000   0.00958   0.02006   0.07777   0.03422   0.01338   0.02390   0.04831   0.09167   0.13589   0.19109   0.08563   0.07619   4.76820   0.38422  
 76 906.4294  12598.851113  x:  0.00249   0.01489   0.21936   0.15637   0.13149   0.00637   0.16425   0.04883   0.06515   0.01964   0.05184   0.02850   0.01925   0.02079   0.02131   0.01190   0.00000   0.05625   0.06049   0.03263   0.07384   0.05711   0.02149   0.00098   0.02018   0.01134   0.00000   0.00926   0.02005   0.07684   0.03494   0.01334   0.02337   0.04905   0.09182   0.13739   0.18733   0.08221   0.07872   4.90514   0.37942  
 77 963.4486  12598.746198  x:  0.00250   0.01476   0.21989   0.15759   0.13019   0.00646   0.16437   0.04669   0.06362   0.01975   0.05131   0.02851   0.01925   0.02081   0.02132   0.01192   0.00000   0.05520   0.06201   0.03226   0.07378   0.05757   0.02133   0.00097   0.02017   0.01135   0.00000   0.00923   0.02010   0.07735   0.03479   0.01336   0.02332   0.04938   0.09131   0.13782   0.18651   0.08064   0.07916   4.92297   0.37874  
 78 216.9728  12598.743595  x:  0.00249   0.01474   0.21990   0.15809   0.13031   0.00644   0.16385   0.04682   0.06367   0.01974   0.05133   0.02851   0.01925   0.02081   0.02132   0.01192   0.00000   0.05505   0.06198   0.03227   0.07376   0.05741   0.02134   0.00097   0.02017   0.01135   0.00000   0.00923   0.02010   0.07776   0.03479   0.01336   0.02333   0.04939   0.09126   0.13792   0.18639   0.08068   0.07927   4.92343   0.37872  
 79  6.5105  12598.743113  x:  0.00250   0.01473   0.21989   0.15829   0.13037   0.00644   0.16363   0.04677   0.06368   0.01975   0.05133   0.02851   0.01925   0.02081   0.02132   0.01192   0.00000   0.05518   0.06197   0.03226   0.07377   0.05751   0.02134   0.00097   0.02017   0.01135   0.00000   0.00923   0.02010   0.07766   0.03479   0.01336   0.02333   0.04937   0.09128   0.13793   0.18634   0.08070   0.07924   4.92352   0.37872  
 80  3.2337  12598.743063  x:  0.00250   0.01473   0.21989   0.15832   0.13038   0.00644   0.16360   0.04678   0.06367   0.01974   0.05133   0.02851   0.01925   0.02081   0.02132   0.01192   0.00000   0.05514   0.06198   0.03227   0.07377   0.05748   0.02134   0.00097   0.02017   0.01135   0.00000   0.00923   0.02010   0.07759   0.03479   0.01336   0.02333   0.04938   0.09130   0.13792   0.18634   0.08069   0.07922   4.92353   0.37872  
 81  0.8782  12598.742026  x:  0.00251   0.01473   0.21988   0.15834   0.13024   0.00644   0.16351   0.04678   0.06368   0.01974   0.05133   0.02850   0.01925   0.02081   0.02132   0.01192   0.00000   0.05515   0.06198   0.03226   0.07381   0.05749   0.02134   0.00097   0.02017   0.01135   0.00000   0.00923   0.02010   0.07763   0.03479   0.01336   0.02333   0.04938   0.09127   0.13734   0.18633   0.08069   0.07923   4.92428   0.37872  
 82  0.1149  12598.686088  x:  0.00256   0.01467   0.21925   0.15709   0.13017   0.00653   0.16257   0.04677   0.06395   0.01981   0.05123   0.02813   0.01928   0.02094   0.02132   0.01194   0.00000   0.05515   0.06212   0.03225   0.07164   0.05742   0.02159   0.00093   0.02027   0.01137   0.00000   0.00923   0.02002   0.07754   0.03451   0.01339   0.02340   0.04931   0.09045   0.13743   0.18582   0.08120   0.07868   4.96516   0.37895  
 83  4.1114  12598.639076  x:  0.00259   0.01462   0.21871   0.15600   0.13022   0.00661   0.16182   0.04676   0.06422   0.01986   0.05116   0.02781   0.01932   0.02105   0.02134   0.01194   0.00000   0.05500   0.06233   0.03222   0.07377   0.05738   0.02175   0.00090   0.02036   0.01138   0.00000   0.00924   0.01995   0.07756   0.03427   0.01341   0.02347   0.04924   0.08975   0.13802   0.18539   0.08170   0.07823   4.99992   0.37918  
 84 205.7437  12598.635813  x:  0.00262   0.01468   0.21888   0.15623   0.13044   0.00659   0.16199   0.04675   0.06425   0.01978   0.05119   0.02786   0.01931   0.02099   0.02137   0.01199   0.00000   0.05503   0.06231   0.03222   0.07376   0.05735   0.02173   0.00085   0.02036   0.01140   0.00000   0.00931   0.01999   0.07756   0.03435   0.01344   0.02356   0.04923   0.08982   0.13795   0.18576   0.08146   0.07819   5.00988   0.37952  
 85  0.0073  12598.635315  x:  0.00260   0.01465   0.21890   0.15624   0.13038   0.00659   0.16200   0.04675   0.06422   0.01980   0.05118   0.02785   0.01931   0.02101   0.02136   0.01197   0.00000   0.05502   0.06230   0.03222   0.07376   0.05735   0.02173   0.00082   0.02035   0.01139   0.00000   0.00933   0.01996   0.07755   0.03433   0.01343   0.02352   0.04918   0.08983   0.13796   0.18569   0.08151   0.07822   5.00825   0.37959  
 86  0.0009  12598.635275  x:  0.00260   0.01466   0.21888   0.15622   0.13039   0.00659   0.16198   0.04675   0.06423   0.01980   0.05118   0.02785   0.01931   0.02100   0.02136   0.01198   0.00000   0.05502   0.06231   0.03222   0.07376   0.05735   0.02173   0.00082   0.02036   0.01139   0.00000   0.00932   0.01997   0.07755   0.03433   0.01343   0.02353   0.04920   0.08982   0.13796   0.18569   0.08151   0.07821   5.00703   0.37952  
 87  0.0009  12598.635274  x:  0.00261   0.01466   0.21888   0.15622   0.13039   0.00659   0.16198   0.04675   0.06423   0.01980   0.05118   0.02785   0.01931   0.02101   0.02136   0.01197   0.00000   0.05502   0.06231   0.03222   0.07376   0.05735   0.02173   0.00082   0.02036   0.01139   0.00000   0.00932   0.01997   0.07755   0.03433   0.01343   0.02353   0.04920   0.08983   0.13796   0.18569   0.08150   0.07821   5.00714   0.37952  
 88  0.0001  12598.635274  x:  0.00261   0.01466   0.21888   0.15622   0.13039   0.00659   0.16198   0.04675   0.06423   0.01980   0.05118   0.02785   0.01931   0.02100   0.02136   0.01197   0.00000   0.05502   0.06231   0.03222   0.07376   0.05735   0.02173   0.00082   0.02036   0.01139   0.00000   0.00932   0.01997   0.07755   0.03433   0.01343   0.02353   0.04920   0.08983   0.13796   0.18569   0.08150   0.07821   5.00712   0.37952  
 89  0.0000  12598.635274  x:  0.00261   0.01466   0.21888   0.15622   0.13039   0.00659   0.16198   0.04675   0.06423   0.01980   0.05118   0.02785   0.01931   0.02100   0.02136   0.01197   0.00000   0.05502   0.06231   0.03222   0.07376   0.05735   0.02173   0.00082   0.02036   0.01139   0.00000   0.00932   0.01997   0.07755   0.03433   0.01343   0.02353   0.04920   0.08983   0.13796   0.18569   0.08150   0.07821   5.00713   0.37952  
 90  0.0000  12598.635274  x:  0.00261   0.01466   0.21888   0.15622   0.13039   0.00659   0.16198   0.04675   0.06423   0.01980   0.05118   0.02785   0.01931   0.02100   0.02136   0.01197   0.00000   0.05502   0.06231   0.03222   0.07376   0.05735   0.02173   0.00082   0.02036   0.01139   0.00000   0.00932   0.01997   0.07755   0.03433   0.01343   0.02353   0.04920   0.08983   0.13796   0.18569   0.08150   0.07821   5.00713   0.37952  