

TREE # 1

  0  0.0000  24851.837349  x:  0.02091   0.00000   0.20436   0.13878   0.08996   0.00943   0.06662   0.03053   0.05530   0.02823   0.04568   0.03604   0.02193   0.02173   0.04974   0.01955   0.00045   0.07026   0.06846   0.04533   0.12551   0.05090   0.02247   0.01334   0.02894   0.02528   0.00982   0.01254   0.03794   0.07610   0.02695   0.02217   0.02504   0.06989   0.13006   0.18157   0.16716   0.07579   0.07627   1.02171   0.97813  
  1 99.0000  24824.574536  x:  0.02179   0.01315   0.20461   0.13994   0.08998   0.00879   0.06588   0.03195   0.05642   0.02687   0.04579   0.03469   0.01841   0.02091   0.05207   0.02117   0.01944   0.07044   0.06865   0.04513   0.12619   0.05087   0.02279   0.01245   0.02762   0.02366   0.00776   0.01048   0.03792   0.07635   0.02678   0.02117   0.02315   0.06986   0.13001   0.18145   0.16772   0.07658   0.07590   1.02693   0.97425  
  2 5133.8826  24780.819299  x:  0.02392   0.01756   0.20451   0.14351   0.09009   0.00684   0.06260   0.03738   0.06101   0.02147   0.04634   0.02920   0.00469   0.01828   0.06011   0.02389   0.01451   0.06930   0.06925   0.04449   0.12830   0.05067   0.02377   0.01036   0.02261   0.01758   0.00394   0.00524   0.03776   0.07643   0.02640   0.01775   0.01604   0.06962   0.12951   0.18087   0.17007   0.08015   0.07419   1.05154   0.95579  
  3 1938.7375  24720.119946  x:  0.02725   0.02652   0.20422   0.15150   0.09041   0.00543   0.05563   0.04738   0.07011   0.01259   0.04777   0.01923   0.00883   0.01584   0.07610   0.02852   0.00791   0.06697   0.07053   0.04320   0.13309   0.05025   0.02545   0.00915   0.01493   0.00917   0.01410   0.01174   0.03753   0.07665   0.02584   0.01353   0.00664   0.06911   0.12836   0.17945   0.17532   0.08772   0.07046   1.10951   0.91181  
  4 5754.3383  24598.902625  x:  0.03040   0.03702   0.20345   0.16544   0.09107   0.00694   0.04483   0.06162   0.08415   0.01044   0.05054   0.01090   0.01193   0.01598   0.10104   0.03388   0.00000   0.06333   0.07263   0.04133   0.14154   0.04960   0.02737   0.01198   0.01378   0.01626   0.01570   0.01246   0.03719   0.07700   0.02546   0.01516   0.02472   0.06826   0.12622   0.17677   0.18457   0.10020   0.06419   1.21924   0.82730  
  5 10745.0413  24290.432067  x:  0.03113   0.00000   0.19929   0.20397   0.09264   0.00854   0.02206   0.09492   0.11959   0.02805   0.05844   0.03634   0.01662   0.02172   0.16540   0.03997   0.01855   0.05509   0.07795   0.03782   0.16602   0.04783   0.02889   0.01601   0.02643   0.02245   0.01582   0.01280   0.03711   0.07770   0.02585   0.02071   0.02995   0.06627   0.11963   0.16843   0.21156   0.13411   0.04778   1.56898   0.55304  
  6 20251.9952  24102.306880  x:  0.01915   0.00361   0.19846   0.21872   0.09259   0.00830   0.07822   0.08783   0.11830   0.02935   0.05460   0.04346   0.02758   0.02329   0.17799   0.02626   0.01540   0.05890   0.07691   0.04338   0.17293   0.04845   0.02238   0.01037   0.03252   0.02478   0.00182   0.00980   0.03756   0.07616   0.02745   0.02315   0.02240   0.06760   0.11681   0.16571   0.22181   0.13975   0.05372   1.78858   0.36876  
  7 10761.5107  24076.305024  x:  0.01565   0.00459   0.19852   0.22051   0.09243   0.00721   0.08953   0.08176   0.11436   0.02987   0.05269   0.04494   0.02149   0.02285   0.17654   0.02195   0.01557   0.06083   0.07610   0.04490   0.17320   0.04897   0.02117   0.01040   0.03393   0.02664   0.01508   0.00534   0.03784   0.07582   0.02772   0.02364   0.02362   0.06819   0.11656   0.16570   0.22319   0.13855   0.05660   1.84243   0.32341  
  8 14207.9540  24035.674094  x:  0.01437   0.00428   0.19956   0.21688   0.09208   0.00425   0.08322   0.06219   0.09929   0.02714   0.04852   0.04155   0.00914   0.02028   0.16128   0.01921   0.01713   0.06490   0.07389   0.04546   0.16916   0.05061   0.02374   0.01732   0.03053   0.02618   0.01468   0.02428   0.03857   0.07615   0.02708   0.02151   0.02685   0.06945   0.11802   0.16824   0.22138   0.12940   0.06211   1.90568   0.27659  
  9 4189.5463  23987.975369  x:  0.01802   0.00492   0.20173   0.20903   0.09245   0.01206   0.06097   0.03575   0.07737   0.02335   0.04544   0.03484   0.01650   0.02066   0.13499   0.02231   0.01680   0.06868   0.07152   0.04467   0.16183   0.05183   0.02586   0.01331   0.02416   0.02149   0.01030   0.01227   0.03861   0.07730   0.02631   0.01886   0.02505   0.07083   0.12077   0.17299   0.21710   0.11442   0.06718   1.97844   0.24021  
 10 3606.1454  23964.072815  x:  0.01828   0.00876   0.20357   0.20350   0.09230   0.00110   0.05564   0.03579   0.07024   0.02562   0.04758   0.03284   0.01791   0.02115   0.11799   0.02304   0.01485   0.06868   0.07162   0.04458   0.15763   0.05123   0.02344   0.01278   0.02728   0.02272   0.00953   0.01005   0.03851   0.07783   0.02705   0.02249   0.02120   0.07103   0.12180   0.17564   0.21414   0.10656   0.06784   2.02241   0.24384  
 11 1705.1504  23917.843062  x:  0.01741   0.01823   0.20881   0.18798   0.09319   0.00954   0.04920   0.04378   0.05463   0.03105   0.05393   0.02835   0.01343   0.02093   0.07041   0.02358   0.01091   0.06804   0.07246   0.04478   0.14613   0.04951   0.01731   0.01340   0.03513   0.02538   0.01005   0.01232   0.03834   0.07910   0.02890   0.02982   0.01077   0.07119   0.12430   0.18270   0.20559   0.08578   0.06915   2.14740   0.26543  
 12 6965.0094  23886.654207  x:  0.01871   0.01401   0.21191   0.17554   0.09327   0.00834   0.05430   0.04538   0.05139   0.02553   0.05412   0.02859   0.01316   0.01944   0.04224   0.02315   0.01415   0.06839   0.07249   0.04511   0.13856   0.05034   0.02430   0.01047   0.02863   0.01627   0.01072   0.01213   0.03840   0.07960   0.02789   0.02228   0.02089   0.07088   0.12618   0.18722   0.19882   0.07494   0.07125   2.23485   0.28874  
 13 4196.5764  23871.013430  x:  0.02305   0.01173   0.21383   0.16474   0.09283   0.00793   0.05772   0.03236   0.05231   0.02099   0.04859   0.02919   0.01335   0.02081   0.04343   0.02235   0.01574   0.07071   0.07081   0.04535   0.13293   0.05164   0.02515   0.01889   0.02214   0.02560   0.01095   0.01017   0.03834   0.07937   0.02587   0.01651   0.01796   0.07105   0.12825   0.19018   0.19244   0.07179   0.07572   2.28629   0.30889  
 14 1888.3125  23864.886394  x:  0.02367   0.01197   0.21461   0.15831   0.09253   0.00835   0.05797   0.02385   0.05222   0.02246   0.04474   0.02933   0.01221   0.02011   0.04979   0.02185   0.01563   0.07277   0.06928   0.04542   0.12996   0.05221   0.02354   0.01405   0.02202   0.02356   0.01144   0.01193   0.03837   0.07905   0.02592   0.02093   0.01905   0.07147   0.12955   0.19139   0.18815   0.07184   0.07913   2.30652   0.31810  
 15 1333.5220  23863.413083  x:  0.02168   0.01260   0.21473   0.15319   0.09233   0.00842   0.05684   0.02558   0.05023   0.02362   0.04259   0.02924   0.01264   0.02005   0.05314   0.02101   0.01528   0.07513   0.06776   0.04550   0.12790   0.05281   0.02337   0.01444   0.02431   0.02196   0.01129   0.01165   0.03889   0.07871   0.02630   0.01816   0.01964   0.07206   0.13056   0.19189   0.18414   0.07231   0.08256   2.31120   0.31952  
 16 372.8794  23863.002710  x:  0.02090   0.01239   0.21455   0.14992   0.09220   0.00848   0.05663   0.02702   0.05044   0.02277   0.04328   0.02956   0.01275   0.02024   0.05359   0.02134   0.01544   0.07627   0.06728   0.04554   0.12694   0.05296   0.02412   0.01450   0.02309   0.02241   0.01122   0.01150   0.03873   0.07852   0.02621   0.01976   0.01955   0.07230   0.13109   0.19208   0.18120   0.07289   0.08425   2.31220   0.31919  
 17 200.2885  23862.851239  x:  0.02151   0.01252   0.21425   0.14795   0.09214   0.00850   0.05668   0.02676   0.05173   0.02299   0.04463   0.02957   0.01269   0.02012   0.05324   0.02167   0.01538   0.07636   0.06756   0.04548   0.12674   0.05267   0.02378   0.01400   0.02338   0.02267   0.01126   0.01169   0.03854   0.07846   0.02615   0.01912   0.01955   0.07224   0.13126   0.19210   0.17895   0.07353   0.08452   2.31244   0.31874  
 18 111.2826  23862.814372  x:  0.02190   0.01256   0.21403   0.14738   0.09215   0.00853   0.05678   0.02665   0.05195   0.02306   0.04452   0.02943   0.01272   0.02017   0.05312   0.02146   0.01539   0.07602   0.06786   0.04543   0.12694   0.05255   0.02376   0.01455   0.02354   0.02223   0.01125   0.01156   0.03865   0.07845   0.02622   0.01938   0.01958   0.07213   0.13121   0.19201   0.17787   0.07378   0.08408   2.31250   0.31861  
 19 57.2748  23862.789702  x:  0.02199   0.01257   0.21376   0.14706   0.09219   0.00851   0.05682   0.02676   0.05165   0.02304   0.04404   0.02944   0.01269   0.02021   0.05312   0.02136   0.01540   0.07553   0.06812   0.04540   0.12733   0.05252   0.02387   0.01426   0.02346   0.02248   0.01126   0.01163   0.03866   0.07849   0.02624   0.01932   0.01953   0.07200   0.13108   0.19183   0.17674   0.07391   0.08336   2.31256   0.31853  
 20 43.5980  23862.783366  x:  0.02177   0.01261   0.21362   0.14717   0.09221   0.00851   0.05685   0.02668   0.05152   0.02301   0.04416   0.02957   0.01270   0.02008   0.05319   0.02158   0.01537   0.07545   0.06801   0.04543   0.12750   0.05258   0.02378   0.01435   0.02342   0.02243   0.01126   0.01162   0.03864   0.07852   0.02619   0.01929   0.01956   0.07202   0.13101   0.19171   0.17635   0.07385   0.08314   2.31261   0.31857  
 21 16.9766  23862.776067  x:  0.02171   0.01260   0.21340   0.14749   0.09221   0.00851   0.05682   0.02664   0.05154   0.02300   0.04435   0.02947   0.01267   0.02036   0.05323   0.02144   0.01538   0.07556   0.06773   0.04548   0.12767   0.05269   0.02383   0.01433   0.02344   0.02240   0.01126   0.01163   0.03862   0.07853   0.02621   0.01927   0.01955   0.07211   0.13091   0.19152   0.17593   0.07371   0.08309   2.31267   0.31863  
 22 11.6400  23862.763742  x:  0.02195   0.01251   0.21305   0.14800   0.09221   0.00850   0.05679   0.02670   0.05161   0.02303   0.04431   0.02935   0.01271   0.01998   0.05319   0.02129   0.01542   0.07583   0.06748   0.04552   0.12779   0.05274   0.02386   0.01430   0.02347   0.02248   0.01125   0.01160   0.03863   0.07852   0.02624   0.01932   0.01953   0.07222   0.13081   0.19125   0.17545   0.07357   0.08326   2.31276   0.31869  
 23 17.6567  23862.730803  x:  0.02237   0.01258   0.21234   0.14890   0.09217   0.00849   0.05683   0.02683   0.05166   0.02306   0.04386   0.02961   0.01267   0.02027   0.05299   0.02179   0.01534   0.07623   0.06769   0.04544   0.12770   0.05250   0.02362   0.01431   0.02342   0.02240   0.01127   0.01165   0.03870   0.07850   0.02618   0.01934   0.01956   0.07225   0.13076   0.19075   0.17480   0.07360   0.08391   2.31298   0.31879  
 24 19.6810  23862.603140  x:  0.02141   0.01282   0.21075   0.15029   0.09209   0.00849   0.05649   0.02645   0.05160   0.02289   0.04417   0.02983   0.01271   0.02012   0.05294   0.02119   0.01524   0.07604   0.06936   0.04510   0.12696   0.05202   0.02423   0.01431   0.02355   0.02243   0.01123   0.01157   0.03862   0.07835   0.02621   0.01929   0.01943   0.07174   0.13090   0.18953   0.17424   0.07436   0.08503   2.31388   0.31924  
 25 23.2869  23861.919620  x:  0.02163   0.01127   0.20630   0.15068   0.09197   0.00839   0.05740   0.02707   0.05032   0.02367   0.04541   0.02724   0.01270   0.02018   0.05411   0.02156   0.01619   0.07376   0.07042   0.04546   0.12412   0.05290   0.02267   0.01432   0.02259   0.02239   0.01125   0.01149   0.03820   0.07847   0.02647   0.01918   0.01980   0.07077   0.13214   0.18681   0.17506   0.07434   0.08543   2.31788   0.32024  
 26 36.2102  23859.391339  x:  0.02443   0.01280   0.19508   0.14915   0.09198   0.00850   0.05853   0.02788   0.05137   0.02179   0.04606   0.03083   0.01261   0.02020   0.05622   0.02194   0.01530   0.06882   0.06776   0.04654   0.11856   0.05583   0.02514   0.01381   0.02512   0.02184   0.01137   0.01155   0.03900   0.07886   0.02600   0.01952   0.01955   0.07020   0.13516   0.18041   0.17945   0.07276   0.08291   2.33263   0.32332  
 27 186.6719  23853.746265  x:  0.01914   0.01431   0.18335   0.14623   0.09230   0.00830   0.05880   0.02864   0.05945   0.02623   0.04164   0.03252   0.01292   0.01993   0.05562   0.01952   0.01431   0.07021   0.06384   0.04544   0.12047   0.05259   0.02311   0.01368   0.02017   0.02080   0.01111   0.01088   0.03856   0.07887   0.02681   0.01877   0.01920   0.07242   0.13619   0.17332   0.18684   0.07520   0.07618   2.36526   0.33066  
 28 346.7438  23844.039663  x:  0.01589   0.00946   0.17736   0.14554   0.09277   0.00808   0.06314   0.02975   0.06199   0.01925   0.04115   0.02781   0.01270   0.02019   0.05871   0.02333   0.01607   0.07741   0.06569   0.04426   0.13301   0.04717   0.02348   0.01214   0.02751   0.02042   0.01112   0.01002   0.03799   0.07858   0.02610   0.01976   0.01904   0.07461   0.13309   0.16933   0.19479   0.08317   0.06913   2.42227   0.34479  
 29 830.9851  23831.382043  x:  0.02328   0.00946   0.18339   0.15124   0.09303   0.00785   0.06955   0.03394   0.05666   0.02573   0.05011   0.03278   0.01266   0.01995   0.06792   0.02187   0.01434   0.08103   0.07310   0.04511   0.15042   0.04904   0.02813   0.01154   0.02342   0.01739   0.01146   0.00940   0.03758   0.07741   0.02552   0.01897   0.01915   0.07320   0.12569   0.17160   0.19904   0.09209   0.06705   2.49978   0.36390  
 30 1373.3996  23823.213359  x:  0.02065   0.00735   0.19892   0.16177   0.09240   0.00759   0.07022   0.03695   0.06492   0.02077   0.04855   0.03569   0.01295   0.01980   0.07150   0.01886   0.01492   0.06868   0.07374   0.04522   0.15311   0.05484   0.02122   0.01001   0.02332   0.01632   0.01116   0.00877   0.03882   0.07720   0.02831   0.01886   0.02029   0.06817   0.12171   0.17781   0.19367   0.09187   0.07197   2.54599   0.37365  
 31 790.8120  23821.305497  x:  0.01866   0.00649   0.20471   0.16591   0.09216   0.00753   0.07190   0.03705   0.06829   0.02391   0.04700   0.03345   0.01301   0.01988   0.07245   0.02194   0.01510   0.06455   0.07275   0.04524   0.15079   0.05429   0.02547   0.01007   0.02429   0.01621   0.01123   0.00852   0.03840   0.07736   0.02670   0.01912   0.01943   0.06764   0.12212   0.17989   0.19087   0.09120   0.07229   2.55702   0.37570  
 32 539.2899  23820.662849  x:  0.01913   0.00612   0.20828   0.16879   0.09224   0.00749   0.07246   0.03755   0.06792   0.02338   0.04760   0.03392   0.01301   0.01985   0.07371   0.02103   0.01523   0.06476   0.07212   0.04518   0.14608   0.05014   0.02537   0.01009   0.02414   0.01595   0.01126   0.00851   0.03726   0.07746   0.02625   0.01901   0.01978   0.06919   0.12412   0.18077   0.18889   0.09132   0.06919   2.56057   0.37626  
 33 171.1664  23820.585802  x:  0.01904   0.00607   0.20903   0.16940   0.09234   0.00748   0.07259   0.03747   0.06803   0.02342   0.04763   0.03390   0.01300   0.01985   0.07359   0.02126   0.01522   0.06566   0.07234   0.04514   0.14486   0.05093   0.02541   0.01003   0.02408   0.01605   0.01126   0.00851   0.03815   0.07757   0.02708   0.01899   0.01973   0.06932   0.12461   0.18069   0.18853   0.09205   0.06805   2.56101   0.37633  
 34 66.8388  23820.572559  x:  0.01904   0.00608   0.20924   0.16952   0.09239   0.00748   0.07257   0.03749   0.06805   0.02343   0.04754   0.03388   0.01300   0.01985   0.07345   0.02117   0.01521   0.06593   0.07235   0.04515   0.14456   0.05139   0.02528   0.01002   0.02412   0.01604   0.01126   0.00851   0.03802   0.07758   0.02657   0.01902   0.01972   0.06922   0.12467   0.18057   0.18846   0.09242   0.06779   2.56109   0.37634  
 35 32.3418  23820.569811  x:  0.01908   0.00609   0.20936   0.16953   0.09242   0.00748   0.07257   0.03746   0.06800   0.02342   0.04750   0.03389   0.01300   0.01985   0.07337   0.02120   0.01521   0.06590   0.07220   0.04518   0.14451   0.05144   0.02531   0.01005   0.02415   0.01603   0.01126   0.00851   0.03777   0.07760   0.02670   0.01902   0.01971   0.06917   0.12462   0.18039   0.18848   0.09267   0.06779   2.56112   0.37636  
 36  8.5720  23820.565342  x:  0.01913   0.00608   0.20961   0.16948   0.09247   0.00747   0.07256   0.03744   0.06789   0.02343   0.04754   0.03387   0.01299   0.01985   0.07328   0.02119   0.01521   0.06577   0.07194   0.04521   0.14448   0.05130   0.02530   0.01003   0.02412   0.01605   0.01126   0.00851   0.03801   0.07761   0.02664   0.01902   0.01970   0.06913   0.12446   0.17994   0.18852   0.09298   0.06788   2.56120   0.37638  
 37  6.6577  23820.536886  x:  0.01921   0.00606   0.21071   0.16906   0.09237   0.00748   0.07254   0.03747   0.06804   0.02343   0.04752   0.03387   0.01300   0.01985   0.07342   0.02122   0.01521   0.06590   0.07247   0.04508   0.14446   0.05140   0.02531   0.01004   0.02414   0.01604   0.01125   0.00851   0.03789   0.07756   0.02664   0.01902   0.01970   0.06954   0.12413   0.17797   0.18860   0.09221   0.06791   2.56168   0.37639  
 38  5.2409  23820.259080  x:  0.01925   0.00610   0.21175   0.16877   0.09229   0.00747   0.07236   0.03757   0.06829   0.02345   0.04751   0.03390   0.01298   0.01985   0.07357   0.02118   0.01511   0.06720   0.07227   0.04621   0.14525   0.05056   0.02538   0.01007   0.02415   0.01608   0.01121   0.00850   0.03790   0.07768   0.02684   0.01906   0.01962   0.06561   0.12630   0.17642   0.18850   0.09081   0.06773   2.56658   0.37684  
 39  6.5434  23815.978749  x:  0.02034   0.00667   0.21481   0.16786   0.09255   0.00715   0.07202   0.03803   0.06657   0.02361   0.04839   0.03407   0.01241   0.01994   0.07114   0.02070   0.01429   0.06575   0.07013   0.03733   0.15105   0.05197   0.02422   0.01063   0.02467   0.01719   0.01068   0.00838   0.03804   0.07833   0.02662   0.01950   0.01824   0.06797   0.14458   0.17435   0.18724   0.09101   0.07142   2.64340   0.38506  
 40 98.0716  23809.163562  x:  0.02026   0.00787   0.21631   0.16531   0.09255   0.00669   0.06817   0.03861   0.06655   0.02369   0.04740   0.03415   0.01170   0.02006   0.06718   0.02083   0.01298   0.06453   0.07257   0.05268   0.15177   0.05233   0.02246   0.01149   0.02534   0.01902   0.00951   0.00809   0.03824   0.07798   0.02619   0.01999   0.01597   0.07726   0.15419   0.17580   0.18557   0.09199   0.07560   2.77459   0.39889  
 41 1194.5025  23795.870293  x:  0.02052   0.00968   0.21292   0.15762   0.09160   0.00589   0.06488   0.04039   0.06577   0.02412   0.04821   0.03400   0.01039   0.02032   0.06503   0.02217   0.01091   0.07145   0.07053   0.04551   0.13312   0.04942   0.02085   0.01315   0.02669   0.02219   0.00762   0.00762   0.03823   0.07606   0.02641   0.02094   0.01216   0.07099   0.12717   0.18590   0.18332   0.08461   0.07577   3.00781   0.42203  
 42 1373.0250  23795.852964  x:  0.02052   0.00968   0.21291   0.15757   0.09195   0.00588   0.06489   0.04040   0.06581   0.02412   0.04822   0.03401   0.01039   0.02032   0.06507   0.02208   0.01089   0.07150   0.07060   0.04550   0.13308   0.04938   0.02087   0.01315   0.02669   0.02219   0.00762   0.00762   0.03823   0.07743   0.02637   0.02095   0.01216   0.07101   0.12707   0.18593   0.18331   0.08457   0.07587   3.00812   0.42205  
 43 24.4267  23795.842679  x:  0.02051   0.00967   0.21290   0.15756   0.09310   0.00584   0.06488   0.04039   0.06584   0.02412   0.04822   0.03400   0.01039   0.02032   0.06510   0.02210   0.01090   0.07150   0.07065   0.04550   0.13307   0.04938   0.02087   0.01315   0.02669   0.02218   0.00762   0.00763   0.03823   0.07716   0.02638   0.02094   0.01217   0.07101   0.12708   0.18593   0.18330   0.08448   0.07591   3.00837   0.42206  
 44  0.8295  23787.136795  x:  0.02243   0.00832   0.20855   0.15766   0.09182   0.00648   0.05725   0.03996   0.06438   0.02150   0.04763   0.03051   0.01004   0.01990   0.06700   0.02353   0.01118   0.06927   0.06973   0.04418   0.13529   0.05109   0.02427   0.01155   0.02359   0.01789   0.00521   0.00993   0.03822   0.07806   0.02652   0.01879   0.01887   0.06976   0.12642   0.18467   0.18513   0.08531   0.07246   3.23396   0.43174  
 45  3.6760  23783.297559  x:  0.02082   0.00854   0.20933   0.16627   0.09294   0.00721   0.06149   0.03844   0.06386   0.02349   0.04800   0.02917   0.01174   0.02007   0.06793   0.02258   0.00933   0.06666   0.07138   0.04412   0.14068   0.05090   0.02419   0.01124   0.02360   0.02042   0.00674   0.00798   0.03770   0.07824   0.02634   0.01946   0.01922   0.06977   0.12892   0.18226   0.18848   0.08781   0.06847   3.40119   0.42190  
 46  0.0823  23782.448627  x:  0.02047   0.00813   0.21064   0.16518   0.09244   0.00714   0.06135   0.03820   0.06439   0.02301   0.04787   0.02924   0.01083   0.02002   0.06783   0.02245   0.00845   0.06871   0.07117   0.04446   0.13909   0.05077   0.02370   0.01230   0.02417   0.02025   0.00721   0.00977   0.03808   0.07816   0.02620   0.01967   0.01926   0.07019   0.12806   0.18309   0.18785   0.08726   0.07137   3.46223   0.41665  
 47  0.0578  23782.236866  x:  0.02103   0.00769   0.21067   0.16329   0.09233   0.00708   0.05989   0.03792   0.06458   0.02238   0.04771   0.02930   0.01128   0.02003   0.06790   0.02270   0.00807   0.06929   0.07076   0.04453   0.13821   0.05079   0.02365   0.01204   0.02404   0.01975   0.00703   0.00900   0.03814   0.07811   0.02625   0.01955   0.01898   0.07031   0.12781   0.18358   0.18729   0.08688   0.07226   3.48044   0.41385  
 48  0.0257  23782.207519  x:  0.02112   0.00776   0.21058   0.16300   0.09234   0.00696   0.05969   0.03820   0.06484   0.02228   0.04783   0.02925   0.01123   0.01998   0.06827   0.02271   0.00803   0.06855   0.07074   0.04444   0.13838   0.05083   0.02366   0.01185   0.02389   0.01976   0.00708   0.00911   0.03806   0.07815   0.02632   0.01949   0.01869   0.07007   0.12758   0.18384   0.18722   0.08698   0.07143   3.47582   0.41266  
 49  0.0042  23782.203252  x:  0.02109   0.00773   0.21060   0.16320   0.09236   0.00690   0.05980   0.03834   0.06484   0.02229   0.04787   0.02915   0.01124   0.01996   0.06841   0.02271   0.00808   0.06872   0.07076   0.04443   0.13835   0.05078   0.02369   0.01193   0.02383   0.01966   0.00711   0.00907   0.03808   0.07815   0.02631   0.01948   0.01857   0.07012   0.12768   0.18384   0.18729   0.08716   0.07154   3.47235   0.41234  
 50  0.0029  23782.202830  x:  0.02107   0.00779   0.21058   0.16321   0.09235   0.00690   0.05979   0.03837   0.06479   0.02229   0.04785   0.02916   0.01124   0.01996   0.06839   0.02271   0.00807   0.06876   0.07076   0.04444   0.13836   0.05079   0.02367   0.01190   0.02386   0.01965   0.00712   0.00908   0.03807   0.07815   0.02631   0.01949   0.01853   0.07014   0.12767   0.18380   0.18731   0.08712   0.07159   3.47290   0.41236  
 51  0.0005  23782.202681  x:  0.02107   0.00779   0.21058   0.16321   0.09235   0.00690   0.05980   0.03838   0.06477   0.02227   0.04783   0.02916   0.01124   0.01996   0.06839   0.02271   0.00810   0.06874   0.07076   0.04444   0.13836   0.05081   0.02366   0.01191   0.02385   0.01966   0.00712   0.00908   0.03807   0.07815   0.02631   0.01948   0.01852   0.07013   0.12765   0.18378   0.18731   0.08709   0.07159   3.47391   0.41241  
 52  0.0007  23782.202624  x:  0.02107   0.00779   0.21058   0.16320   0.09235   0.00690   0.05980   0.03837   0.06478   0.02229   0.04784   0.02917   0.01124   0.01996   0.06838   0.02271   0.00811   0.06874   0.07075   0.04444   0.13836   0.05079   0.02367   0.01190   0.02385   0.01964   0.00712   0.00908   0.03808   0.07815   0.02631   0.01948   0.01852   0.07013   0.12767   0.18380   0.18730   0.08711   0.07158   3.47448   0.41242  
 53  0.0003  23782.202618  x:  0.02107   0.00779   0.21058   0.16320   0.09235   0.00690   0.05979   0.03837   0.06479   0.02229   0.04784   0.02917   0.01124   0.01996   0.06839   0.02271   0.00812   0.06874   0.07076   0.04444   0.13836   0.05079   0.02367   0.01191   0.02385   0.01965   0.00712   0.00908   0.03807   0.07815   0.02631   0.01948   0.01852   0.07013   0.12766   0.18380   0.18731   0.08711   0.07158   3.47439   0.41240  
 54  0.0001  23782.202618  x:  0.02107   0.00779   0.21058   0.16320   0.09235   0.00690   0.05979   0.03837   0.06479   0.02229   0.04784   0.02917   0.01124   0.01996   0.06839   0.02271   0.00812   0.06874   0.07076   0.04444   0.13836   0.05080   0.02367   0.01190   0.02385   0.01965   0.00712   0.00908   0.03807   0.07815   0.02631   0.01948   0.01852   0.07013   0.12766   0.18380   0.18731   0.08711   0.07158   3.47437   0.41240  
 55  0.0000  23782.202618  x:  0.02107   0.00779   0.21058   0.16320   0.09235   0.00690   0.05979   0.03837   0.06478   0.02229   0.04784   0.02917   0.01124   0.01996   0.06839   0.02271   0.00812   0.06874   0.07076   0.04444   0.13836   0.05080   0.02367   0.01191   0.02385   0.01965   0.00712   0.00908   0.03807   0.07815   0.02631   0.01948   0.01852   0.07013   0.12766   0.18380   0.18731   0.08711   0.07158   3.47438   0.41240  
 56  0.0000  23782.202618  x:  0.02107   0.00779   0.21058   0.16320   0.09235   0.00690   0.05979   0.03837   0.06478   0.02229   0.04784   0.02917   0.01124   0.01996   0.06839   0.02271   0.00812   0.06874   0.07076   0.04444   0.13836   0.05080   0.02367   0.01191   0.02385   0.01965   0.00712   0.00908   0.03807   0.07815   0.02631   0.01948   0.01852   0.07013   0.12766   0.18380   0.18731   0.08711   0.07158   3.47438   0.41240  
 57  0.0000  23782.202618  x:  0.02107   0.00779   0.21058   0.16320   0.09235   0.00690   0.05979   0.03837   0.06478   0.02229   0.04784   0.02917   0.01124   0.01996   0.06839   0.02271   0.00812   0.06874   0.07076   0.04444   0.13836   0.05080   0.02367   0.01191   0.02385   0.01965   0.00712   0.00908   0.03807   0.07815   0.02631   0.01948   0.01852   0.07013   0.12766   0.18380   0.18731   0.08711   0.07158   3.47438   0.41240  
 58  0.0000  23782.202618  x:  0.02107   0.00779   0.21058   0.16320   0.09235   0.00690   0.05979   0.03837   0.06478   0.02229   0.04784   0.02917   0.01124   0.01996   0.06839   0.02271   0.00812   0.06874   0.07076   0.04444   0.13836   0.05080   0.02367   0.01191   0.02385   0.01965   0.00712   0.00908   0.03807   0.07815   0.02631   0.01948   0.01852   0.07013   0.12766   0.18380   0.18731   0.08711   0.07158   3.47438   0.41240  
 59  0.0000  23782.202618  x:  0.02107   0.00779   0.21058   0.16320   0.09235   0.00690   0.05979   0.03837   0.06478   0.02229   0.04784   0.02917   0.01124   0.01996   0.06839   0.02271   0.00812   0.06874   0.07076   0.04444   0.13836   0.05080   0.02367   0.01191   0.02385   0.01965   0.00712   0.00908   0.03807   0.07815   0.02631   0.01948   0.01852   0.07013   0.12766   0.18380   0.18731   0.08711   0.07158   3.47438   0.41240  