

TREE # 1

  0  0.0000   3510.621474  x:  0.03209   0.03189   0.13690   0.08365   0.68395   0.00000   0.06985   0.02460   0.04072   0.00564   0.02467   0.02962   0.01592   0.00576   0.00604   0.01880   0.02404   0.05703   0.05421   0.04067   0.08482   0.04387   0.02886   0.01673   0.01538   0.00666   0.00078   0.00872   0.01169   0.05085   0.02878   0.51352   0.44679   0.09078   0.17871   0.14036   0.20316   0.05312   0.04878   0.88458   0.89442  
  1 99.0000   3503.402924  x:  0.03223   0.03072   0.13687   0.08461   0.68404   0.00479   0.06928   0.02495   0.04024   0.00920   0.02374   0.02970   0.01604   0.00156   0.01948   0.02109   0.02339   0.05583   0.05391   0.04047   0.08612   0.04383   0.02830   0.01672   0.01551   0.00592   0.00000   0.00685   0.00966   0.05176   0.03104   0.51377   0.44683   0.09113   0.17856   0.14004   0.20319   0.05275   0.04900   0.88829   0.89159  
  2 733.3649   3502.483479  x:  0.03215   0.03027   0.13686   0.08478   0.68405   0.00521   0.06908   0.02504   0.04007   0.00918   0.02344   0.02973   0.01607   0.00000   0.01932   0.02158   0.02318   0.05540   0.05381   0.04041   0.08657   0.04382   0.02811   0.01665   0.01562   0.00584   0.00039   0.00663   0.00910   0.05203   0.03179   0.51386   0.44684   0.09123   0.17848   0.13992   0.20320   0.05262   0.04908   0.88964   0.89055  
  3 414.6089   3501.434939  x:  0.03200   0.02942   0.13686   0.08503   0.68408   0.00531   0.06869   0.02519   0.03977   0.00914   0.02299   0.02979   0.01610   0.00000   0.01902   0.02219   0.02285   0.05460   0.05363   0.04030   0.08741   0.04381   0.02781   0.01705   0.01522   0.00591   0.00000   0.00552   0.00861   0.05248   0.03304   0.51402   0.44683   0.09142   0.17833   0.13969   0.20321   0.05240   0.04922   0.89236   0.88841  
  4 1481.0801   3492.408542  x:  0.03095   0.02190   0.13686   0.08670   0.68428   0.00009   0.06515   0.02639   0.03741   0.00970   0.02029   0.03035   0.01608   0.00000   0.01996   0.02404   0.02068   0.04740   0.05215   0.03959   0.09468   0.04365   0.02590   0.02336   0.00883   0.00775   0.00644   0.00000   0.01025   0.05583   0.04264   0.51546   0.44654   0.09288   0.17672   0.13754   0.20339   0.05046   0.05035   0.92013   0.86612  
  5 1564.6387   3482.457266  x:  0.03172   0.01458   0.13778   0.09163   0.68510   0.01107   0.06081   0.02789   0.03627   0.00701   0.02305   0.03108   0.01557   0.00000   0.01801   0.01627   0.02101   0.03930   0.05117   0.03971   0.10278   0.04360   0.02701   0.03785   0.00177   0.00163   0.00838   0.00000   0.01884   0.05704   0.04829   0.51746   0.44501   0.09375   0.17373   0.13436   0.20381   0.04868   0.05136   0.97461   0.81936  
  6 909.6919   3470.676399  x:  0.03312   0.00426   0.13936   0.09878   0.68640   0.02349   0.05426   0.02999   0.03497   0.00432   0.02802   0.03216   0.01477   0.00000   0.01625   0.00384   0.02224   0.02747   0.04988   0.04008   0.11483   0.04351   0.02924   0.06128   0.01057   0.00340   0.00848   0.00000   0.03391   0.05829   0.05545   0.52056   0.44242   0.09492   0.16898   0.12943   0.20450   0.04614   0.05279   1.06233   0.74343  
  7 5248.5121   3445.920897  x:  0.03880   0.00735   0.14522   0.11433   0.69009   0.04507   0.04235   0.03336   0.03707   0.01209   0.04525   0.03369   0.01382   0.00000   0.00717   0.03833   0.03207   0.01308   0.04931   0.04257   0.13707   0.04332   0.03853   0.11698   0.01967   0.01078   0.00135   0.00000   0.07605   0.05613   0.05731   0.52779   0.43436   0.09598   0.15753   0.11817   0.20642   0.04272   0.05487   1.29483   0.53571  
  8 2856.5383   3434.132275  x:  0.03874   0.01601   0.14750   0.11611   0.69179   0.04532   0.04545   0.03218   0.03933   0.00126   0.04530   0.03227   0.01673   0.00000   0.00909   0.04223   0.03272   0.03671   0.05072   0.04313   0.13924   0.04361   0.03798   0.12802   0.02347   0.00727   0.00506   0.00000   0.07637   0.05339   0.05341   0.53033   0.43143   0.09570   0.15496   0.11676   0.20721   0.04394   0.05486   1.37878   0.45537  
  9 1268.1745   3427.478862  x:  0.03768   0.02251   0.14935   0.11619   0.69342   0.04274   0.05038   0.03071   0.04175   0.01332   0.04328   0.03084   0.01907   0.00000   0.00621   0.03831   0.03172   0.05809   0.05223   0.04332   0.13903   0.04397   0.03605   0.13251   0.02603   0.00138   0.00659   0.00000   0.07171   0.05073   0.04917   0.53256   0.42905   0.09535   0.15344   0.11655   0.20795   0.04556   0.05468   1.45011   0.38580  
 10 3019.4086   3421.968963  x:  0.03595   0.02589   0.15046   0.11421   0.69519   0.04059   0.05664   0.02852   0.04359   0.01495   0.03918   0.02967   0.01815   0.00000   0.00717   0.03047   0.02904   0.06738   0.05369   0.04303   0.13420   0.04442   0.03304   0.12477   0.01787   0.01432   0.00139   0.00000   0.05954   0.04865   0.04399   0.53437   0.42763   0.09495   0.15393   0.11852   0.20876   0.04735   0.05434   1.50213   0.33509  
 11 1003.0757   3419.562152  x:  0.03598   0.02795   0.15085   0.11104   0.69670   0.03481   0.05971   0.02701   0.04498   0.01282   0.03921   0.03002   0.01479   0.00000   0.00903   0.02894   0.02961   0.05878   0.05470   0.04317   0.12602   0.04470   0.03354   0.11933   0.01862   0.00998   0.00034   0.00000   0.05267   0.04723   0.03704   0.53517   0.42737   0.09445   0.15586   0.12146   0.20950   0.04827   0.05392   1.52102   0.32113  
 12 286.0643   3417.032239  x:  0.03631   0.03202   0.15156   0.10625   0.69912   0.02871   0.06482   0.02456   0.04752   0.01060   0.04002   0.03052   0.00950   0.00000   0.01100   0.02657   0.03093   0.04472   0.05646   0.04352   0.11236   0.04518   0.03479   0.11193   0.01873   0.00638   0.00101   0.00148   0.04175   0.04451   0.02484   0.53631   0.42691   0.09344   0.15899   0.12624   0.21068   0.04993   0.05312   1.54971   0.29981  
 13 5378.4217   3416.546919  x:  0.03644   0.03254   0.15164   0.10584   0.69947   0.02848   0.06517   0.02453   0.04776   0.01055   0.04043   0.03051   0.01138   0.00000   0.01106   0.02630   0.03132   0.04356   0.05661   0.04360   0.11080   0.04522   0.03512   0.11127   0.01859   0.00646   0.00119   0.00000   0.04103   0.04436   0.02426   0.53649   0.42697   0.09337   0.15936   0.12676   0.21083   0.05003   0.05307   1.55239   0.29903  
 14 253.2792   3414.973518  x:  0.03885   0.04098   0.15267   0.10196   0.70550   0.02928   0.06654   0.02731   0.04980   0.01211   0.04923   0.02927   0.01010   0.00000   0.01048   0.02303   0.03888   0.04244   0.05762   0.04501   0.09092   0.04541   0.04113   0.10442   0.01643   0.01040   0.00366   0.00000   0.03726   0.04528   0.03138   0.54017   0.42939   0.09325   0.16452   0.13295   0.21333   0.04987   0.05303   1.58758   0.30851  
 15 148.1345   3412.267160  x:  0.03813   0.04784   0.15262   0.09553   0.71892   0.02444   0.06410   0.02116   0.04884   0.01215   0.05830   0.02995   0.00897   0.00000   0.01183   0.01919   0.04119   0.04566   0.05674   0.04415   0.07351   0.04445   0.04385   0.08687   0.01582   0.00867   0.00111   0.00000   0.03528   0.04781   0.02832   0.54726   0.43420   0.09374   0.17273   0.14064   0.21746   0.04873   0.05341   1.65983   0.33784  
 16 112.1888   3411.522884  x:  0.03707   0.04941   0.15162   0.09422   0.72525   0.02460   0.06704   0.02693   0.04980   0.01259   0.05911   0.02860   0.00867   0.00000   0.01181   0.01840   0.03897   0.04606   0.05731   0.04410   0.08083   0.04500   0.04266   0.07876   0.01510   0.00973   0.00142   0.00000   0.03630   0.04450   0.01743   0.54962   0.43646   0.09259   0.17502   0.14214   0.21816   0.05044   0.05237   1.68542   0.35320  
 17 98.0070   3411.390941  x:  0.03738   0.05143   0.15086   0.09390   0.72785   0.02526   0.07038   0.02227   0.05169   0.01258   0.05798   0.02960   0.00867   0.00000   0.01172   0.01805   0.03842   0.04493   0.05865   0.04478   0.08364   0.04539   0.04193   0.07571   0.01510   0.00986   0.00155   0.00000   0.03882   0.04242   0.01836   0.55041   0.43820   0.09144   0.17477   0.14188   0.21731   0.05248   0.05118   1.68962   0.35573  
 18 30.7498   3411.321162  x:  0.03795   0.05359   0.14980   0.09366   0.73092   0.02563   0.07377   0.02407   0.05285   0.01231   0.05617   0.02838   0.00855   0.00000   0.01170   0.01763   0.03826   0.04373   0.05937   0.04495   0.08373   0.04550   0.04120   0.07231   0.01531   0.00948   0.00138   0.00000   0.04223   0.04347   0.01983   0.55111   0.44050   0.09083   0.17384   0.14115   0.21572   0.05345   0.05073   1.69113   0.35555  
 19 18.9914   3411.235589  x:  0.03828   0.05431   0.14796   0.09369   0.73711   0.02704   0.07368   0.02352   0.05139   0.01237   0.05305   0.03007   0.00844   0.00000   0.01138   0.01756   0.03802   0.04371   0.05825   0.04407   0.08213   0.04522   0.04058   0.06699   0.01535   0.00969   0.00153   0.00000   0.04759   0.04606   0.01821   0.55220   0.44476   0.09107   0.17205   0.13950   0.21273   0.05191   0.05181   1.69198   0.35497  
 20 16.8339   3411.159167  x:  0.03805   0.05333   0.14703   0.09333   0.74390   0.02745   0.07087   0.02366   0.04998   0.01239   0.05173   0.02807   0.00836   0.00000   0.01135   0.01775   0.03862   0.04389   0.05768   0.04448   0.08125   0.04564   0.04143   0.06284   0.01532   0.00965   0.00152   0.00000   0.05036   0.04232   0.01829   0.55345   0.44922   0.09117   0.17124   0.13888   0.21067   0.05098   0.05191   1.69200   0.35364  
 21 17.8240   3411.028405  x:  0.03759   0.05054   0.14779   0.09240   0.75715   0.02689   0.06766   0.02567   0.05171   0.01234   0.05417   0.03197   0.00833   0.00000   0.01153   0.01808   0.03981   0.04494   0.05919   0.04580   0.08252   0.04650   0.04320   0.05980   0.01517   0.00961   0.00143   0.00000   0.05068   0.04202   0.01847   0.55601   0.45669   0.09216   0.17198   0.14035   0.20974   0.05315   0.05050   1.69114   0.35104  
 22 16.1294   3410.801373  x:  0.03746   0.04647   0.15048   0.09231   0.77902   0.02608   0.06670   0.02328   0.05337   0.01241   0.05879   0.02712   0.00846   0.00000   0.01166   0.01885   0.03975   0.04593   0.06020   0.04502   0.08472   0.04555   0.04343   0.06032   0.01506   0.00966   0.00152   0.00000   0.04922   0.04654   0.01700   0.56026   0.46737   0.09325   0.17391   0.14300   0.21052   0.05484   0.05043   1.68989   0.34850  
 23 36.5220   3410.436444  x:  0.03768   0.04474   0.15470   0.09536   0.81075   0.02411   0.07336   0.02412   0.05138   0.01231   0.06179   0.02933   0.00879   0.00000   0.01194   0.01966   0.03639   0.04619   0.05711   0.04191   0.08434   0.04322   0.03938   0.06794   0.01526   0.00942   0.00153   0.00000   0.04430   0.04320   0.01772   0.56672   0.47978   0.09105   0.17590   0.14413   0.21445   0.05029   0.05361   1.68927   0.34685  
 24 40.0366   3410.054098  x:  0.03663   0.04849   0.15463   0.09924   0.83425   0.02195   0.07317   0.02404   0.04835   0.01246   0.05402   0.02926   0.00914   0.00000   0.01228   0.01860   0.03634   0.04533   0.05686   0.04945   0.08334   0.05073   0.03944   0.07724   0.01517   0.00935   0.00156   0.00000   0.03727   0.04528   0.01670   0.57142   0.48230   0.09002   0.17406   0.13932   0.21908   0.04871   0.05076   1.69087   0.34812  
 25 26.3969   3409.417390  x:  0.03783   0.05333   0.14976   0.10033   0.85766   0.01954   0.06691   0.02515   0.05103   0.01260   0.04014   0.02965   0.00961   0.00000   0.01276   0.01672   0.03968   0.04404   0.05965   0.04410   0.08273   0.04325   0.04230   0.08605   0.01481   0.00930   0.00162   0.00000   0.02885   0.04470   0.01676   0.57574   0.47558   0.09109   0.16969   0.13246   0.22329   0.05556   0.05147   1.69462   0.35067  
 26 31.9198   3405.934258  x:  0.04509   0.04215   0.11979   0.07989   0.91052   0.01381   0.07147   0.02496   0.05131   0.01264   0.04551   0.02936   0.01102   0.00000   0.01516   0.01768   0.03455   0.04598   0.05812   0.03572   0.08823   0.05084   0.04443   0.07747   0.01346   0.00859   0.00181   0.00000   0.01840   0.04470   0.02515   0.58043   0.40123   0.10085   0.15992   0.13303   0.21720   0.04397   0.04648   1.71287   0.35294  
 27 21.8827   3402.590930  x:  0.03482   0.02876   0.12320   0.08824   0.94417   0.00777   0.07125   0.02608   0.04547   0.01248   0.04691   0.02939   0.01220   0.00000   0.01742   0.01920   0.02908   0.04682   0.05521   0.05655   0.08635   0.04051   0.03330   0.05790   0.01244   0.00766   0.00211   0.00000   0.01918   0.04530   0.03205   0.57934   0.33632   0.09925   0.16287   0.13889   0.21198   0.05445   0.06196   1.73249   0.35515  
 28 100.5296   3398.801331  x:  0.02820   0.02262   0.15341   0.11098   0.95155   0.00000   0.06618   0.02703   0.04584   0.01237   0.03657   0.02961   0.01318   0.00000   0.01967   0.01790   0.03140   0.04635   0.05509   0.03995   0.08854   0.04927   0.03242   0.03488   0.01111   0.00675   0.00228   0.00000   0.02103   0.04755   0.03754   0.57105   0.30380   0.09133   0.17469   0.14596   0.21167   0.04928   0.05155   1.75375   0.35766  
 29 76.9965   3393.074546  x:  0.05622   0.01059   0.17155   0.10605   0.91383   0.00000   0.06395   0.02874   0.04181   0.01265   0.01656   0.03035   0.01533   0.00000   0.02257   0.01741   0.01396   0.04819   0.05814   0.04997   0.09214   0.04268   0.03737   0.02052   0.00905   0.00575   0.00258   0.00000   0.01021   0.04916   0.04020   0.54673   0.33231   0.09876   0.18629   0.15058   0.21146   0.04182   0.05131   1.79470   0.36690  
 30 51.7983   3390.620852  x:  0.05132   0.00992   0.17032   0.10174   0.89560   0.00000   0.06377   0.02891   0.03656   0.01276   0.01697   0.03055   0.01615   0.00000   0.02425   0.01607   0.02189   0.04748   0.05529   0.04863   0.09561   0.04473   0.02905   0.01671   0.00817   0.00526   0.00269   0.00000   0.00245   0.05016   0.04113   0.53812   0.34985   0.10019   0.18686   0.14727   0.20874   0.04411   0.05402   1.81024   0.37039  
 31 149.9468   3388.790880  x:  0.03228   0.00743   0.16384   0.09069   0.87804   0.00000   0.06161   0.03015   0.03543   0.01261   0.01280   0.03041   0.01701   0.00000   0.02517   0.01737   0.01495   0.04707   0.05452   0.04382   0.09084   0.05009   0.01872   0.01723   0.00849   0.00474   0.00304   0.00000   0.00366   0.04970   0.04271   0.53366   0.36741   0.10440   0.19195   0.14871   0.21746   0.05076   0.05271   1.82279   0.37322  
 32 148.0587   3388.488696  x:  0.02579   0.00984   0.16049   0.09129   0.87425   0.00000   0.06154   0.03009   0.03510   0.01260   0.01394   0.03040   0.01712   0.00000   0.02551   0.01681   0.01207   0.04647   0.05370   0.04353   0.09211   0.04904   0.02265   0.01551   0.00842   0.00462   0.00307   0.00000   0.00325   0.05036   0.04333   0.53455   0.37100   0.10452   0.19249   0.14870   0.22124   0.04976   0.05361   1.82456   0.37299  
 33 70.0297   3388.326245  x:  0.02285   0.00859   0.15672   0.09228   0.87156   0.00000   0.06296   0.02990   0.03577   0.01258   0.01251   0.03044   0.01715   0.00000   0.02562   0.01699   0.01465   0.04673   0.05352   0.04446   0.09299   0.04764   0.02431   0.01414   0.00838   0.00456   0.00306   0.00000   0.00382   0.05072   0.04316   0.53700   0.37308   0.10421   0.19375   0.15054   0.22641   0.04750   0.05398   1.82540   0.37263  
 34 53.0324   3388.239719  x:  0.02339   0.00907   0.15372   0.09462   0.86990   0.00342   0.06184   0.02995   0.03613   0.01259   0.01303   0.03040   0.01716   0.00000   0.02564   0.01684   0.01459   0.04667   0.05398   0.04459   0.09313   0.04731   0.02285   0.01330   0.00834   0.00455   0.00306   0.00000   0.00393   0.05086   0.04304   0.54000   0.37408   0.10329   0.19397   0.15201   0.22863   0.04688   0.05352   1.82564   0.37235  
 35 33.0013   3388.120221  x:  0.02416   0.00906   0.14813   0.09880   0.86587   0.00000   0.06028   0.03007   0.03604   0.01262   0.01294   0.03040   0.01722   0.00000   0.02568   0.01689   0.01399   0.04685   0.05462   0.04424   0.09306   0.04760   0.02186   0.01318   0.00832   0.00452   0.00307   0.00000   0.00375   0.05133   0.04262   0.54938   0.37609   0.09945   0.19419   0.15677   0.22898   0.04704   0.05324   1.82621   0.37214  
 36 23.1954   3388.068365  x:  0.02399   0.00826   0.14759   0.09952   0.86373   0.00143   0.06099   0.03006   0.03518   0.01264   0.01208   0.03046   0.01725   0.00000   0.02568   0.01716   0.01382   0.04708   0.05418   0.04371   0.09286   0.04832   0.02327   0.01401   0.00836   0.00450   0.00307   0.00000   0.00353   0.05138   0.04229   0.55603   0.37670   0.09874   0.19407   0.15872   0.22657   0.04829   0.05357   1.82650   0.37233  
 37 20.3769   3387.914228  x:  0.02411   0.01046   0.15218   0.09678   0.85616   0.00167   0.06082   0.03013   0.03340   0.01266   0.01158   0.03057   0.01730   0.00000   0.02579   0.01662   0.01440   0.04655   0.05282   0.04412   0.09443   0.04748   0.02250   0.01372   0.00837   0.00446   0.00308   0.00000   0.00383   0.05112   0.04136   0.58182   0.37776   0.10285   0.19337   0.15895   0.22470   0.04807   0.05290   1.82668   0.37211  
 38 24.1493   3387.833035  x:  0.02374   0.00847   0.15437   0.09680   0.85202   0.00163   0.06139   0.03008   0.03576   0.01263   0.01255   0.03041   0.01733   0.00000   0.02592   0.01701   0.01394   0.04690   0.05348   0.04432   0.09331   0.04752   0.02240   0.01330   0.00832   0.00447   0.00310   0.00000   0.00364   0.05079   0.04045   0.59453   0.37856   0.10346   0.19148   0.15466   0.22378   0.04741   0.05295   1.82719   0.37248  
 39 38.9738   3387.771989  x:  0.02462   0.00857   0.15485   0.09470   0.85052   0.00205   0.06085   0.03014   0.03459   0.01266   0.01278   0.03048   0.01735   0.00000   0.02597   0.01699   0.01403   0.04696   0.05635   0.04355   0.09403   0.04924   0.02284   0.01295   0.00832   0.00446   0.00310   0.00000   0.00392   0.05124   0.04058   0.59720   0.37895   0.10051   0.19399   0.15208   0.22417   0.04730   0.05635   1.82767   0.37230  
 40  4.3168   3387.515154  x:  0.02355   0.00977   0.15381   0.09033   0.84585   0.00365   0.05814   0.03034   0.03768   0.01267   0.01241   0.03041   0.01751   0.00000   0.02623   0.01680   0.01423   0.04699   0.05426   0.04515   0.09579   0.04680   0.02225   0.01460   0.00841   0.00442   0.00314   0.00000   0.00374   0.05306   0.04114   0.59935   0.38146   0.09233   0.20341   0.14688   0.21763   0.04377   0.05564   1.83080   0.37256  
 41  9.8950   3386.912096  x:  0.02647   0.00793   0.14891   0.09315   0.83485   0.00258   0.05983   0.03034   0.03151   0.01280   0.01548   0.03062   0.01778   0.00000   0.02672   0.01749   0.01475   0.04783   0.04768   0.04431   0.09672   0.04418   0.02392   0.01446   0.00852   0.00431   0.00322   0.00000   0.00475   0.05438   0.04197   0.59939   0.38821   0.09006   0.21436   0.13610   0.21397   0.04908   0.04913   1.83887   0.37332  
 42 22.7405   3385.345843  x:  0.02641   0.00996   0.14211   0.10648   0.81247   0.00000   0.06039   0.03001   0.03647   0.01282   0.01707   0.03036   0.01837   0.00000   0.02797   0.01758   0.01641   0.04771   0.04522   0.04227   0.10032   0.04968   0.02334   0.01695   0.00885   0.00393   0.00329   0.00000   0.00564   0.05342   0.04372   0.59425   0.40360   0.10460   0.22027   0.13261   0.20106   0.04818   0.05791   1.85713   0.37722  
 43 43.4397   3384.211881  x:  0.01967   0.00944   0.14390   0.10983   0.79260   0.00055   0.06110   0.03029   0.02924   0.01302   0.01974   0.03067   0.01894   0.00000   0.02926   0.01858   0.01783   0.04791   0.05868   0.04233   0.10251   0.04394   0.02209   0.02040   0.00920   0.00370   0.00344   0.00000   0.00608   0.05473   0.04508   0.58696   0.41809   0.10385   0.20028   0.13881   0.19124   0.04215   0.05479   1.87437   0.38217  
 44 55.2397   3383.073258  x:  0.01997   0.00913   0.15140   0.10473   0.77335   0.00192   0.05765   0.03060   0.03152   0.01312   0.02158   0.03060   0.01942   0.00000   0.03061   0.01918   0.01859   0.04820   0.04805   0.04201   0.10660   0.04608   0.02311   0.02046   0.00935   0.00351   0.00354   0.00000   0.00719   0.05743   0.04696   0.57938   0.43207   0.09063   0.16639   0.14945   0.19394   0.04398   0.05894   1.89066   0.38637  
 45 72.6344   3381.353037  x:  0.02545   0.00990   0.15028   0.10765   0.73754   0.00102   0.05855   0.03100   0.03273   0.01312   0.02171   0.03083   0.01939   0.00000   0.03224   0.02087   0.01921   0.04843   0.05223   0.04087   0.11141   0.04351   0.02381   0.02604   0.00975   0.00398   0.00400   0.00000   0.00631   0.05938   0.05217   0.58583   0.44751   0.09679   0.16563   0.13477   0.24841   0.04051   0.05841   1.94810   0.38702  
 46  0.3152   3379.460339  x:  0.03046   0.01096   0.15039   0.10885   0.72993   0.00000   0.06218   0.03099   0.03687   0.01280   0.01950   0.03129   0.01967   0.00000   0.03421   0.02271   0.01852   0.04661   0.05428   0.03877   0.11291   0.04357   0.02449   0.02376   0.00977   0.00490   0.00454   0.00000   0.00641   0.06138   0.05838   0.57286   0.46153   0.09608   0.16896   0.12939   0.22872   0.04423   0.05543   2.04474   0.39392  
 47  0.2557   3377.748010  x:  0.03008   0.00840   0.14910   0.10332   0.76716   0.00027   0.05953   0.03091   0.03780   0.01097   0.02040   0.03215   0.01889   0.00000   0.03759   0.02785   0.01817   0.03938   0.04802   0.03969   0.12292   0.04616   0.02360   0.02280   0.01111   0.00444   0.00550   0.00000   0.00589   0.06373   0.07257   0.56912   0.47458   0.10319   0.18653   0.14970   0.21962   0.04299   0.05914   2.23753   0.39336  
 48  0.2528   3377.582804  x:  0.02982   0.00863   0.14892   0.10435   0.76936   0.00000   0.05958   0.03078   0.03765   0.01091   0.01997   0.03210   0.01877   0.00000   0.03781   0.02815   0.01807   0.03926   0.04827   0.03959   0.12264   0.04635   0.02337   0.02262   0.01114   0.00457   0.00555   0.00000   0.00585   0.06374   0.07330   0.56965   0.47416   0.10247   0.18428   0.14683   0.21857   0.04334   0.05896   2.25227   0.39379  
 49  0.1440   3377.015224  x:  0.02776   0.00986   0.14815   0.10839   0.76735   0.00000   0.06034   0.03017   0.03703   0.01038   0.01817   0.03154   0.01727   0.00000   0.03841   0.03074   0.01772   0.03982   0.05188   0.03995   0.11809   0.04580   0.02390   0.02227   0.01138   0.00579   0.00594   0.00000   0.00570   0.06264   0.07836   0.57999   0.46404   0.09722   0.17001   0.13476   0.21611   0.04490   0.05647   2.37580   0.39626  
 50  0.1206   3376.973670  x:  0.02711   0.00960   0.14948   0.10777   0.76793   0.00000   0.05964   0.03007   0.03612   0.01006   0.01853   0.03159   0.01665   0.00000   0.03762   0.03113   0.01760   0.04005   0.05044   0.03906   0.11786   0.04564   0.02325   0.02230   0.01147   0.00577   0.00587   0.00000   0.00567   0.06161   0.07849   0.57829   0.45770   0.09788   0.17315   0.13620   0.21840   0.04386   0.05765   2.40118   0.39621  
 51  0.0159   3376.958604  x:  0.02782   0.00966   0.14932   0.10758   0.76790   0.00000   0.05987   0.03020   0.03653   0.00978   0.01877   0.03160   0.01639   0.00000   0.03663   0.03117   0.01765   0.03984   0.05125   0.04006   0.11723   0.04542   0.02373   0.02230   0.01156   0.00543   0.00576   0.00000   0.00583   0.06108   0.07726   0.57878   0.45594   0.09818   0.17252   0.13726   0.21786   0.04403   0.05723   2.40923   0.39662  
 52  0.0062   3376.946031  x:  0.02768   0.00949   0.14885   0.10794   0.76732   0.00000   0.05956   0.03037   0.03658   0.00983   0.01887   0.03159   0.01645   0.00000   0.03528   0.03079   0.01773   0.04052   0.05100   0.03989   0.11773   0.04570   0.02371   0.02228   0.01116   0.00578   0.00558   0.00000   0.00593   0.06116   0.07543   0.57974   0.45740   0.09833   0.17186   0.13675   0.21774   0.04423   0.05730   2.41142   0.39761  
 53  0.0023   3376.941323  x:  0.02774   0.00950   0.14906   0.10821   0.76722   0.00000   0.05975   0.03038   0.03654   0.00972   0.01866   0.03158   0.01654   0.00000   0.03477   0.03074   0.01770   0.03998   0.05092   0.03950   0.11817   0.04566   0.02356   0.02219   0.01118   0.00551   0.00553   0.00000   0.00585   0.06148   0.07511   0.57941   0.45893   0.09802   0.17209   0.13563   0.21781   0.04418   0.05725   2.41302   0.39772  
 54  0.0027   3376.938649  x:  0.02771   0.00962   0.14904   0.10786   0.76726   0.00000   0.05979   0.03034   0.03647   0.00980   0.01862   0.03157   0.01667   0.00000   0.03438   0.03078   0.01772   0.03975   0.05102   0.03971   0.11844   0.04553   0.02359   0.02227   0.01113   0.00559   0.00555   0.00000   0.00576   0.06192   0.07585   0.57912   0.46021   0.09796   0.17256   0.13653   0.21775   0.04412   0.05724   2.41590   0.39748  
 55  0.0019   3376.937215  x:  0.02779   0.00953   0.14912   0.10809   0.76786   0.00000   0.05946   0.03035   0.03644   0.00993   0.01856   0.03160   0.01670   0.00000   0.03405   0.03092   0.01764   0.03995   0.05100   0.03969   0.11819   0.04557   0.02369   0.02232   0.01119   0.00553   0.00556   0.00000   0.00576   0.06190   0.07660   0.57902   0.45935   0.09807   0.17209   0.13625   0.21765   0.04404   0.05728   2.41565   0.39740  
 56  0.0008   3376.936834  x:  0.02772   0.00957   0.14899   0.10804   0.76750   0.00000   0.05975   0.03031   0.03648   0.00998   0.01861   0.03159   0.01670   0.00000   0.03393   0.03096   0.01767   0.03991   0.05096   0.03966   0.11805   0.04563   0.02363   0.02233   0.01120   0.00553   0.00556   0.00000   0.00577   0.06180   0.07676   0.57925   0.45901   0.09798   0.17214   0.13627   0.21777   0.04417   0.05730   2.41419   0.39748  
 57  0.0017   3376.936724  x:  0.02778   0.00955   0.14901   0.10805   0.76720   0.00000   0.05971   0.03032   0.03648   0.01000   0.01863   0.03159   0.01668   0.00000   0.03391   0.03099   0.01767   0.03983   0.05096   0.03967   0.11812   0.04556   0.02361   0.02229   0.01120   0.00554   0.00556   0.00000   0.00579   0.06172   0.07680   0.57914   0.45898   0.09803   0.17224   0.13623   0.21763   0.04411   0.05729   2.41281   0.39755  
 58  0.0011   3376.936697  x:  0.02776   0.00956   0.14902   0.10806   0.76740   0.00000   0.05967   0.03033   0.03648   0.01000   0.01864   0.03159   0.01666   0.00000   0.03390   0.03103   0.01769   0.03981   0.05098   0.03966   0.11816   0.04558   0.02362   0.02228   0.01120   0.00554   0.00556   0.00000   0.00579   0.06170   0.07680   0.57911   0.45906   0.09803   0.17223   0.13624   0.21773   0.04414   0.05727   2.41280   0.39756  
 59  0.0002   3376.936685  x:  0.02776   0.00956   0.14901   0.10806   0.76737   0.00000   0.05970   0.03032   0.03647   0.01000   0.01863   0.03159   0.01665   0.00000   0.03390   0.03107   0.01768   0.03983   0.05097   0.03968   0.11818   0.04559   0.02362   0.02226   0.01121   0.00554   0.00556   0.00000   0.00579   0.06170   0.07679   0.57911   0.45910   0.09802   0.17219   0.13623   0.21773   0.04411   0.05728   2.41295   0.39757  
 60  0.0001   3376.936677  x:  0.02776   0.00956   0.14901   0.10805   0.76726   0.00000   0.05969   0.03033   0.03647   0.01000   0.01863   0.03159   0.01665   0.00000   0.03390   0.03110   0.01768   0.03984   0.05097   0.03966   0.11816   0.04558   0.02362   0.02226   0.01120   0.00554   0.00556   0.00000   0.00579   0.06172   0.07676   0.57916   0.45911   0.09803   0.17221   0.13625   0.21769   0.04413   0.05728   2.41282   0.39753  
 61  0.0001   3376.936674  x:  0.02776   0.00957   0.14901   0.10806   0.76735   0.00000   0.05969   0.03032   0.03647   0.01000   0.01863   0.03159   0.01665   0.00000   0.03390   0.03112   0.01768   0.03983   0.05097   0.03967   0.11816   0.04558   0.02362   0.02227   0.01120   0.00554   0.00556   0.00000   0.00579   0.06172   0.07675   0.57913   0.45910   0.09803   0.17221   0.13624   0.21770   0.04412   0.05728   2.41267   0.39751  
 62  0.0001   3376.936673  x:  0.02776   0.00957   0.14901   0.10805   0.76732   0.00000   0.05969   0.03032   0.03647   0.01000   0.01863   0.03159   0.01666   0.00000   0.03390   0.03113   0.01768   0.03983   0.05097   0.03967   0.11816   0.04558   0.02362   0.02227   0.01119   0.00554   0.00556   0.00000   0.00579   0.06171   0.07675   0.57912   0.45908   0.09802   0.17220   0.13624   0.21770   0.04412   0.05728   2.41277   0.39753  
 63  0.0001   3376.936672  x:  0.02776   0.00957   0.14901   0.10806   0.76733   0.00000   0.05969   0.03032   0.03647   0.01000   0.01863   0.03159   0.01666   0.00000   0.03390   0.03113   0.01768   0.03983   0.05097   0.03967   0.11816   0.04558   0.02362   0.02227   0.01119   0.00554   0.00556   0.00000   0.00579   0.06171   0.07675   0.57913   0.45908   0.09803   0.17220   0.13624   0.21770   0.04412   0.05728   2.41279   0.39754  
 64  0.0000   3376.936672  x:  0.02776   0.00957   0.14901   0.10806   0.76733   0.00000   0.05969   0.03032   0.03647   0.01000   0.01863   0.03159   0.01666   0.00000   0.03390   0.03112   0.01768   0.03983   0.05097   0.03967   0.11816   0.04558   0.02362   0.02227   0.01119   0.00554   0.00556   0.00000   0.00579   0.06171   0.07676   0.57913   0.45908   0.09803   0.17220   0.13624   0.21771   0.04412   0.05728   2.41277   0.39753  
 65  0.0000   3376.936672  x:  0.02776   0.00957   0.14901   0.10806   0.76733   0.00000   0.05969   0.03032   0.03647   0.01000   0.01863   0.03159   0.01666   0.00000   0.03390   0.03112   0.01768   0.03983   0.05097   0.03967   0.11816   0.04558   0.02362   0.02227   0.01119   0.00554   0.00556   0.00000   0.00579   0.06171   0.07676   0.57913   0.45908   0.09803   0.17220   0.13624   0.21770   0.04412   0.05728   2.41277   0.39753  
 66  0.0000   3376.936672  x:  0.02776   0.00957   0.14901   0.10806   0.76733   0.00000   0.05969   0.03032   0.03647   0.01000   0.01863   0.03159   0.01666   0.00000   0.03390   0.03112   0.01768   0.03983   0.05097   0.03967   0.11816   0.04558   0.02362   0.02227   0.01119   0.00554   0.00556   0.00000   0.00579   0.06171   0.07676   0.57913   0.45908   0.09803   0.17220   0.13624   0.21770   0.04412   0.05728   2.41278   0.39753  
 67  0.0000   3376.936672  x:  0.02776   0.00957   0.14901   0.10806   0.76733   0.00000   0.05969   0.03032   0.03647   0.01000   0.01863   0.03159   0.01666   0.00000   0.03391   0.03112   0.01768   0.03983   0.05097   0.03967   0.11816   0.04558   0.02362   0.02227   0.01119   0.00554   0.00556   0.00000   0.00579   0.06171   0.07676   0.57913   0.45908   0.09803   0.17220   0.13624   0.21770   0.04412   0.05728   2.41277   0.39753  
 68  0.0000   3376.936672  x:  0.02776   0.00957   0.14901   0.10806   0.76733   0.00000   0.05969   0.03032   0.03647   0.01000   0.01863   0.03159   0.01666   0.00000   0.03391   0.03112   0.01768   0.03983   0.05097   0.03967   0.11816   0.04558   0.02362   0.02227   0.01119   0.00554   0.00556   0.00000   0.00579   0.06171   0.07676   0.57913   0.45908   0.09803   0.17220   0.13624   0.21770   0.04412   0.05728   2.41277   0.39753  
 69  0.0000   3376.936672  x:  0.02776   0.00957   0.14901   0.10806   0.76733   0.00000   0.05969   0.03032   0.03647   0.01000   0.01863   0.03159   0.01666   0.00000   0.03391   0.03112   0.01768   0.03983   0.05097   0.03967   0.11816   0.04558   0.02362   0.02227   0.01119   0.00554   0.00556   0.00000   0.00579   0.06171   0.07676   0.57913   0.45908   0.09803   0.17220   0.13624   0.21770   0.04412   0.05728   2.41277   0.39753  
 70  0.0000   3376.936672  x:  0.02776   0.00957   0.14901   0.10806   0.76733   0.00000   0.05969   0.03032   0.03647   0.01000   0.01863   0.03159   0.01666   0.00000   0.03391   0.03112   0.01768   0.03983   0.05097   0.03967   0.11816   0.04558   0.02362   0.02227   0.01119   0.00554   0.00556   0.00000   0.00579   0.06171   0.07676   0.57913   0.45908   0.09803   0.17220   0.13624   0.21770   0.04412   0.05728   2.41277   0.39753  
 71  0.0000   3376.936672  x:  0.02776   0.00957   0.14901   0.10806   0.76733   0.00000   0.05969   0.03032   0.03647   0.01000   0.01863   0.03159   0.01666   0.00000   0.03391   0.03112   0.01768   0.03983   0.05097   0.03967   0.11816   0.04558   0.02362   0.02227   0.01119   0.00554   0.00556   0.00000   0.00579   0.06171   0.07676   0.57913   0.45908   0.09803   0.17220   0.13624   0.21770   0.04412   0.05728   2.41277   0.39753  
 72  0.0000   3376.936672  x:  0.02776   0.00957   0.14901   0.10806   0.76733   0.00000   0.05969   0.03032   0.03647   0.01000   0.01863   0.03159   0.01666   0.00000   0.03391   0.03112   0.01768   0.03983   0.05097   0.03967   0.11816   0.04558   0.02362   0.02227   0.01119   0.00554   0.00556   0.00000   0.00579   0.06171   0.07676   0.57913   0.45908   0.09803   0.17220   0.13624   0.21770   0.04412   0.05728   2.41277   0.39753  