

TREE # 1

  0  0.0000  10910.922144  x:  0.06187   0.03581   0.06854   0.06722   0.25125   0.00000   0.06539   0.07421   0.05737   0.02715   0.02366   0.05712   0.04541   0.05002   0.07832   0.07492   0.05029   0.06215   0.02887   0.04450   0.09474   0.03783   0.05513   0.01912   0.03991   0.07135   0.01789   0.06521   0.04235   0.05970   0.00434   0.26217   0.22205   0.08201   0.10535   0.12791   0.07149   0.05123   0.02716   0.54762   0.44516  
  1 99.0000  10748.032049  x:  0.05216   0.02957   0.09076   0.07330   0.26292   0.02800   0.07243   0.06387   0.05213   0.02180   0.03307   0.05121   0.03267   0.03435   0.07135   0.06458   0.03986   0.06438   0.04580   0.04131   0.09127   0.04150   0.04842   0.00876   0.02475   0.05506   0.00000   0.04847   0.03327   0.06244   0.07134   0.27463   0.23087   0.08615   0.10866   0.13232   0.09021   0.05730   0.04293   0.53695   0.44562  
  2 3198.7750  10649.216717  x:  0.03540   0.01936   0.11371   0.07483   0.28215   0.00646   0.07964   0.04504   0.04561   0.01635   0.03561   0.04242   0.01269   0.00721   0.06005   0.04677   0.02099   0.06726   0.05261   0.03593   0.08604   0.04520   0.03845   0.00578   0.00000   0.02494   0.00000   0.01757   0.02130   0.06422   0.06696   0.29202   0.24108   0.09027   0.11389   0.13904   0.11098   0.06273   0.04825   0.51641   0.44658  
  3 2073.3059  10649.216717  x:  0.03540   0.01936   0.11371   0.07483   0.28215   0.00646   0.07964   0.04504   0.04561   0.01635   0.03561   0.04242   0.01269   0.00721   0.06005   0.04677   0.02099   0.06726   0.05261   0.03593   0.08604   0.04520   0.03845   0.00578   0.00000   0.02494   0.00000   0.01757   0.02130   0.06422   0.06696   0.29202   0.24108   0.09027   0.11389   0.13904   0.11098   0.06273   0.04825   0.51641   0.44658  
  4 19976.2455  10633.069904  x:  0.03539   0.01936   0.11373   0.07483   0.28217   0.00647   0.07965   0.04503   0.04561   0.01635   0.03561   0.04242   0.01269   0.00722   0.06004   0.04676   0.02098   0.06726   0.05261   0.03593   0.08604   0.04520   0.03845   0.00581   0.00636   0.02493   0.00049   0.01755   0.02130   0.06422   0.06697   0.29203   0.24109   0.09027   0.11389   0.13904   0.11099   0.06274   0.04826   0.51640   0.44658  
  5 123311.5684  10631.781197  x:  0.03521   0.01928   0.11395   0.07491   0.28244   0.00656   0.07973   0.04481   0.04557   0.01642   0.03564   0.04235   0.01275   0.00725   0.05993   0.04655   0.02080   0.06729   0.05268   0.03589   0.08599   0.04522   0.03838   0.00601   0.00640   0.02452   0.00000   0.01715   0.02130   0.06425   0.06711   0.29229   0.24125   0.09032   0.11396   0.13912   0.11120   0.06278   0.04831   0.51607   0.44659  
  6 1164.4882  10615.026967  x:  0.03088   0.01767   0.11952   0.07655   0.28952   0.00750   0.08173   0.03945   0.04465   0.01744   0.03628   0.04085   0.01330   0.00711   0.05713   0.04118   0.01706   0.06808   0.05432   0.03503   0.08472   0.04564   0.03670   0.00088   0.00730   0.01461   0.00000   0.00860   0.02103   0.06498   0.07059   0.29895   0.24537   0.09157   0.11568   0.14115   0.11621   0.06369   0.04942   0.50755   0.44696  
  7 5554.0400  10604.943046  x:  0.02781   0.01755   0.12464   0.07723   0.29891   0.00000   0.08324   0.03430   0.04452   0.01330   0.03622   0.04024   0.00762   0.00171   0.05488   0.03604   0.01738   0.06895   0.05501   0.03466   0.08372   0.04558   0.03630   0.00129   0.00804   0.00656   0.00000   0.01110   0.02037   0.06581   0.07381   0.30803   0.25103   0.09277   0.11768   0.14359   0.12086   0.06409   0.04967   0.49442   0.44751  
  8 1368.6394  10604.943046  x:  0.02781   0.01755   0.12464   0.07723   0.29891   0.00000   0.08324   0.03430   0.04452   0.01330   0.03622   0.04024   0.00762   0.00171   0.05488   0.03604   0.01738   0.06895   0.05501   0.03466   0.08372   0.04558   0.03630   0.00129   0.00804   0.00656   0.00000   0.01110   0.02037   0.06581   0.07381   0.30803   0.25103   0.09277   0.11768   0.14359   0.12086   0.06409   0.04967   0.49442   0.44751  
  9 3196.5170  10593.582256  x:  0.02728   0.01734   0.12545   0.07770   0.30012   0.00303   0.08357   0.03371   0.04441   0.01441   0.03633   0.04004   0.01012   0.01054   0.05451   0.03538   0.01682   0.06903   0.05524   0.03455   0.08354   0.04570   0.03610   0.01320   0.00762   0.00667   0.00000   0.00963   0.02058   0.06588   0.07431   0.30913   0.25172   0.09295   0.11793   0.14390   0.12159   0.06422   0.04983   0.49290   0.44757  
 10 3405.9704  10581.691207  x:  0.02420   0.01607   0.13025   0.07980   0.30725   0.01144   0.08544   0.03001   0.04380   0.01888   0.03718   0.03883   0.01660   0.00967   0.05232   0.03129   0.01374   0.06966   0.05659   0.03390   0.08247   0.04609   0.03479   0.01157   0.00574   0.00701   0.00000   0.00172   0.02077   0.06647   0.07727   0.31579   0.25588   0.09401   0.11948   0.14577   0.12595   0.06498   0.05078   0.48364   0.44794  
 11 866.3394  10577.319521  x:  0.02177   0.01508   0.13417   0.08140   0.31312   0.01716   0.08693   0.02703   0.04332   0.02202   0.03782   0.03788   0.02087   0.00910   0.05056   0.02805   0.01148   0.07017   0.05766   0.03339   0.08161   0.04639   0.03378   0.01052   0.00481   0.00719   0.00456   0.00055   0.02091   0.06695   0.07968   0.32131   0.25932   0.09488   0.12075   0.14731   0.12951   0.06558   0.05154   0.47592   0.44826  
 12 4602.9012  10569.929043  x:  0.01698   0.01314   0.14206   0.08458   0.32501   0.02844   0.08992   0.02112   0.04236   0.02814   0.03908   0.03597   0.02920   0.00786   0.04706   0.02163   0.00717   0.07122   0.05980   0.03237   0.07989   0.04701   0.03177   0.00864   0.00270   0.00751   0.00718   0.00497   0.02119   0.06791   0.08453   0.33248   0.26628   0.09662   0.12332   0.15043   0.13668   0.06679   0.05304   0.46025   0.44889  
 13 9739.3435  10554.854187  x:  0.01152   0.01104   0.16080   0.08929   0.35585   0.03546   0.09633   0.01191   0.04103   0.03067   0.04055   0.03296   0.02924   0.00408   0.04079   0.01345   0.01489   0.07381   0.06398   0.03070   0.07657   0.04810   0.02928   0.01042   0.02612   0.00552   0.00669   0.00700   0.02128   0.07016   0.09594   0.36200   0.28473   0.10063   0.12962   0.15844   0.15370   0.06901   0.05583   0.41690   0.45069  
 14 1667.1691  10520.970858  x:  0.01578   0.01283   0.18972   0.09409   0.40917   0.03061   0.10550   0.01876   0.04120   0.02516   0.04118   0.03161   0.01488   0.01869   0.03624   0.02077   0.01711   0.07713   0.06846   0.03027   0.07233   0.04895   0.02956   0.00174   0.02500   0.01151   0.00537   0.00646   0.02055   0.07301   0.11324   0.41371   0.31710   0.10646   0.13953   0.17184   0.18016   0.07126   0.05872   0.33770   0.45402  
 15 2038.1104  10504.053133  x:  0.01805   0.01366   0.20625   0.09619   0.44197   0.02322   0.11025   0.02303   0.04169   0.02046   0.04140   0.03182   0.00548   0.01128   0.03521   0.02540   0.01529   0.07870   0.07034   0.03055   0.07037   0.04926   0.03050   0.00913   0.01671   0.01177   0.00484   0.00512   0.02037   0.07420   0.12305   0.44579   0.33718   0.10959   0.14506   0.17964   0.19530   0.07218   0.05988   0.28835   0.45613  
 16 5419.5748  10496.558836  x:  0.01930   0.01389   0.21259   0.09559   0.45918   0.01166   0.11105   0.02504   0.04262   0.01505   0.04076   0.03368   0.01633   0.00966   0.03769   0.02810   0.01710   0.07885   0.06976   0.03143   0.07077   0.04897   0.03224   0.01068   0.01324   0.00694   0.00477   0.00476   0.02047   0.07396   0.12668   0.46314   0.34802   0.11039   0.14693   0.18289   0.20112   0.07178   0.05937   0.26290   0.45736  
 17 1951.3231  10493.096730  x:  0.01506   0.01162   0.21146   0.09401   0.46833   0.00289   0.10841   0.02029   0.04365   0.01961   0.03974   0.03599   0.01467   0.01214   0.04227   0.02309   0.01692   0.07760   0.06691   0.03231   0.07339   0.04829   0.03314   0.01006   0.01054   0.00467   0.00412   0.00410   0.02117   0.07206   0.12574   0.47335   0.35434   0.10924   0.14567   0.18262   0.20012   0.07032   0.05742   0.25541   0.45818  
 18 468.0953  10492.076820  x:  0.01382   0.01119   0.20964   0.09345   0.47317   0.00136   0.10640   0.01938   0.04407   0.01964   0.03925   0.03687   0.01519   0.01201   0.04487   0.02111   0.01722   0.07673   0.06504   0.03269   0.07508   0.04790   0.03354   0.01029   0.01044   0.00914   0.00405   0.00403   0.02126   0.07080   0.12440   0.47901   0.35782   0.10832   0.14450   0.18206   0.19851   0.06942   0.05618   0.25344   0.45866  
 19 510.3789  10488.187504  x:  0.01323   0.01198   0.19880   0.09247   0.49442   0.00907   0.09666   0.02214   0.04535   0.01589   0.03766   0.03886   0.01392   0.01182   0.05477   0.01734   0.01800   0.07275   0.05697   0.03374   0.08230   0.04639   0.03457   0.00967   0.01105   0.00781   0.00444   0.00432   0.02079   0.06520   0.11642   0.50449   0.37349   0.10395   0.13840   0.17875   0.18895   0.06570   0.05107   0.25082   0.46084  
 20 545.3550  10484.503219  x:  0.01745   0.01060   0.18471   0.09040   0.52018   0.00865   0.08900   0.02069   0.04381   0.02260   0.03979   0.03476   0.01534   0.01064   0.05308   0.02759   0.01567   0.07109   0.05660   0.03205   0.08475   0.04719   0.03151   0.01022   0.01346   0.00800   0.00456   0.00465   0.02076   0.06275   0.10476   0.53710   0.39355   0.10142   0.13220   0.17446   0.17657   0.06594   0.05181   0.25838   0.46372  
 21 410.6056  10481.629304  x:  0.01637   0.01277   0.17385   0.08971   0.54011   0.00508   0.08879   0.02051   0.04226   0.01614   0.04066   0.03341   0.01501   0.01141   0.04459   0.02282   0.01553   0.07245   0.06189   0.03170   0.08214   0.04876   0.03124   0.01029   0.01103   0.00737   0.00421   0.00415   0.02130   0.06427   0.09377   0.56427   0.41033   0.10186   0.12890   0.17074   0.16668   0.06849   0.05543   0.26991   0.46622  
 22 439.8987  10481.075995  x:  0.01724   0.01406   0.17209   0.09042   0.54373   0.00495   0.09223   0.02275   0.04379   0.01888   0.03958   0.03649   0.01542   0.01092   0.04463   0.02173   0.01766   0.07361   0.06268   0.03269   0.08005   0.04823   0.03337   0.01054   0.01058   0.00748   0.00437   0.00424   0.02062   0.06612   0.08998   0.57100   0.41457   0.10295   0.12982   0.16999   0.16505   0.06868   0.05540   0.27342   0.46693  
 23 175.9737  10480.821167  x:  0.01741   0.01274   0.17200   0.09130   0.54416   0.00509   0.09593   0.02107   0.04430   0.01762   0.03838   0.03736   0.01529   0.01099   0.04674   0.02287   0.01667   0.07427   0.06169   0.03292   0.07827   0.04720   0.03363   0.01049   0.01081   0.00743   0.00432   0.00422   0.02105   0.06774   0.08656   0.57497   0.41720   0.10395   0.13192   0.16965   0.16493   0.06811   0.05427   0.27569   0.46749  
 24 92.0957  10480.734057  x:  0.01704   0.01306   0.17266   0.09166   0.54273   0.00458   0.09729   0.02196   0.04393   0.01781   0.03914   0.03573   0.01537   0.01099   0.04761   0.02238   0.01663   0.07410   0.06066   0.03241   0.07815   0.04724   0.03268   0.01055   0.01083   0.00738   0.00430   0.00420   0.02064   0.06797   0.08396   0.57708   0.41876   0.10402   0.13343   0.16951   0.16544   0.06769   0.05369   0.27633   0.46793  
 25 47.4481  10480.646034  x:  0.01762   0.01298   0.17406   0.09179   0.53848   0.00485   0.09706   0.02140   0.04348   0.01782   0.03984   0.03588   0.01532   0.01097   0.04695   0.02237   0.01754   0.07349   0.06035   0.03277   0.07919   0.04799   0.03320   0.01053   0.01037   0.00741   0.00435   0.00420   0.02153   0.06735   0.07975   0.58037   0.42146   0.10346   0.13511   0.16942   0.16659   0.06761   0.05391   0.27623   0.46885  
 26 38.7320  10480.586965  x:  0.01723   0.01290   0.17492   0.09168   0.53459   0.00487   0.09634   0.02156   0.04375   0.01777   0.03931   0.03651   0.01534   0.01100   0.04635   0.02251   0.01666   0.07325   0.06075   0.03289   0.07962   0.04794   0.03333   0.01053   0.01079   0.00740   0.00431   0.00420   0.02038   0.06699   0.07714   0.58301   0.42374   0.10315   0.13567   0.16936   0.16728   0.06777   0.05425   0.27587   0.46967  
 27 64.2860  10480.543111  x:  0.01686   0.01307   0.17521   0.09145   0.53057   0.00499   0.09560   0.02196   0.04418   0.01792   0.03852   0.03643   0.01536   0.01098   0.04653   0.02251   0.01653   0.07360   0.06143   0.03245   0.07926   0.04724   0.03284   0.01052   0.01092   0.00742   0.00430   0.00421   0.02138   0.06722   0.07623   0.58553   0.42606   0.10328   0.13509   0.16941   0.16752   0.06797   0.05435   0.27541   0.47058  
 28 44.3624  10480.494378  x:  0.01725   0.01290   0.17510   0.09115   0.52537   0.00528   0.09516   0.02143   0.04404   0.01787   0.03878   0.03601   0.01530   0.01098   0.04709   0.02240   0.01726   0.07422   0.06180   0.03234   0.07851   0.04695   0.03281   0.01051   0.01052   0.00743   0.00434   0.00421   0.02064   0.06780   0.07655   0.58876   0.42915   0.10371   0.13375   0.16961   0.16747   0.06807   0.05417   0.27494   0.47189  
 29 54.0294  10480.466322  x:  0.01720   0.01288   0.17479   0.09105   0.52210   0.00527   0.09553   0.02167   0.04375   0.01790   0.03950   0.03616   0.01532   0.01100   0.04706   0.02236   0.01665   0.07429   0.06136   0.03280   0.07827   0.04752   0.03329   0.01050   0.01084   0.00743   0.00431   0.00421   0.02094   0.06798   0.07758   0.59081   0.43116   0.10391   0.13302   0.16975   0.16724   0.06799   0.05402   0.27480   0.47289  
 30 45.0771  10480.453378  x:  0.01696   0.01303   0.17448   0.09118   0.52053   0.00528   0.09619   0.02159   0.04381   0.01788   0.03910   0.03635   0.01532   0.01098   0.04664   0.02258   0.01689   0.07391   0.06087   0.03258   0.07867   0.04778   0.03298   0.01051   0.01072   0.00742   0.00432   0.00421   0.02088   0.06768   0.07865   0.59185   0.43221   0.10379   0.13314   0.16981   0.16699   0.06789   0.05411   0.27490   0.47365  
 31 20.9224  10480.449945  x:  0.01729   0.01301   0.17434   0.09125   0.52015   0.00523   0.09634   0.02156   0.04390   0.01789   0.03901   0.03620   0.01533   0.01099   0.04664   0.02241   0.01677   0.07376   0.06101   0.03263   0.07888   0.04753   0.03302   0.01051   0.01075   0.00742   0.00432   0.00421   0.02089   0.06744   0.07907   0.59211   0.43249   0.10368   0.13347   0.16983   0.16690   0.06787   0.05420   0.27497   0.47409  
 32  9.7776  10480.447821  x:  0.01708   0.01295   0.17423   0.09131   0.51999   0.00525   0.09629   0.02161   0.04388   0.01787   0.03918   0.03619   0.01532   0.01098   0.04677   0.02251   0.01684   0.07376   0.06127   0.03266   0.07895   0.04737   0.03313   0.01051   0.01073   0.00742   0.00432   0.00421   0.02089   0.06731   0.07933   0.59220   0.43261   0.10363   0.13389   0.16979   0.16682   0.06789   0.05421   0.27502   0.47466  
 33  6.3524  10480.443789  x:  0.01721   0.01314   0.17408   0.09133   0.51986   0.00525   0.09590   0.02155   0.04378   0.01788   0.03919   0.03640   0.01532   0.01099   0.04691   0.02244   0.01675   0.07396   0.06134   0.03252   0.07879   0.04766   0.03296   0.01051   0.01075   0.00742   0.00431   0.00421   0.02088   0.06734   0.07958   0.59219   0.43269   0.10368   0.13456   0.16970   0.16671   0.06793   0.05409   0.27503   0.47641  
 34  5.9976  10480.436613  x:  0.01721   0.01269   0.17394   0.09121   0.51975   0.00529   0.09553   0.02173   0.04385   0.01791   0.03891   0.03618   0.01533   0.01097   0.04668   0.02236   0.01684   0.07413   0.06105   0.03268   0.07857   0.04782   0.03303   0.01052   0.01071   0.00742   0.00432   0.00421   0.02089   0.06752   0.07969   0.59203   0.43269   0.10381   0.13505   0.16956   0.16660   0.06796   0.05403   0.27495   0.47991  
 35 15.3668  10480.416979  x:  0.01706   0.01342   0.17397   0.09104   0.51964   0.00536   0.09552   0.02139   0.04399   0.01793   0.03902   0.03595   0.01532   0.01096   0.04634   0.02251   0.01678   0.07397   0.06049   0.03288   0.07848   0.04720   0.03334   0.01051   0.01068   0.00742   0.00431   0.00420   0.02088   0.06785   0.07950   0.59143   0.43252   0.10400   0.13492   0.16935   0.16655   0.06795   0.05425   0.27473   0.48996  
 36 32.4638  10480.397445  x:  0.01722   0.01295   0.17414   0.09096   0.51961   0.00540   0.09616   0.02155   0.04391   0.01788   0.03941   0.03645   0.01530   0.01095   0.04650   0.02241   0.01675   0.07366   0.06089   0.03245   0.07873   0.04716   0.03294   0.01051   0.01067   0.00742   0.00430   0.00420   0.02089   0.06776   0.07915   0.59083   0.43229   0.10388   0.13406   0.16937   0.16669   0.06786   0.05438   0.27463   0.49996  
 37 61.3339  10480.392063  x:  0.01715   0.01305   0.17428   0.09109   0.51963   0.00540   0.09640   0.02153   0.04383   0.01790   0.03909   0.03622   0.01530   0.01094   0.04676   0.02248   0.01674   0.07372   0.06129   0.03264   0.07887   0.04760   0.03304   0.01051   0.01066   0.00742   0.00430   0.00420   0.02089   0.06754   0.07906   0.59071   0.43222   0.10373   0.13371   0.16952   0.16682   0.06786   0.05424   0.27473   0.50253  
 38 25.8801  10480.389159  x:  0.01713   0.01302   0.17450   0.09139   0.51968   0.00531   0.09626   0.02155   0.04399   0.01787   0.03916   0.03624   0.01531   0.01094   0.04668   0.02250   0.01674   0.07409   0.06112   0.03254   0.07884   0.04752   0.03311   0.01052   0.01063   0.00741   0.00430   0.00420   0.02089   0.06721   0.07915   0.59080   0.43215   0.10353   0.13355   0.16997   0.16707   0.06796   0.05400   0.27506   0.50316  
 39  3.0616  10480.382603  x:  0.01709   0.01299   0.17468   0.09160   0.51972   0.00522   0.09593   0.02166   0.04362   0.01787   0.03907   0.03642   0.01531   0.01092   0.04685   0.02251   0.01679   0.07394   0.06096   0.03300   0.07877   0.04735   0.03279   0.01053   0.01058   0.00740   0.00429   0.00419   0.02089   0.06724   0.07929   0.59106   0.43189   0.10359   0.13349   0.17071   0.16736   0.06793   0.05432   0.27548   0.50348  
 40  2.5958  10480.358858  x:  0.01702   0.01292   0.17478   0.09158   0.51964   0.00515   0.09535   0.02177   0.04356   0.01785   0.03887   0.03631   0.01531   0.01087   0.04720   0.02248   0.01670   0.07299   0.06091   0.03222   0.07875   0.04754   0.03354   0.01055   0.01048   0.00738   0.00427   0.00417   0.02088   0.06776   0.07950   0.59187   0.43083   0.10399   0.13356   0.17230   0.16771   0.06756   0.05483   0.27610   0.50379  
 41  7.2245  10480.233039  x:  0.01682   0.01318   0.17373   0.09007   0.51853   0.00539   0.09521   0.02153   0.04596   0.01770   0.03972   0.03619   0.01523   0.01067   0.04664   0.02264   0.01648   0.07192   0.06186   0.03315   0.07936   0.04804   0.03265   0.01057   0.00996   0.00734   0.00419   0.00411   0.02091   0.06881   0.07945   0.59531   0.42505   0.10464   0.13405   0.17554   0.16731   0.06659   0.05320   0.27608   0.50397  
 42 12.7258  10479.791506  x:  0.01681   0.01351   0.17004   0.08711   0.51439   0.00595   0.09734   0.02180   0.04236   0.01823   0.03870   0.03654   0.01500   0.00995   0.04609   0.02267   0.01532   0.07471   0.06155   0.03244   0.08018   0.04681   0.03329   0.01061   0.00853   0.00725   0.00393   0.00394   0.02089   0.06786   0.07867   0.60561   0.40637   0.10376   0.13474   0.17839   0.16474   0.06815   0.05249   0.27349   0.50354  
 43 47.6708  10479.451824  x:  0.01701   0.01311   0.17006   0.09027   0.51180   0.00562   0.09712   0.02185   0.04514   0.01802   0.03948   0.03625   0.01478   0.00945   0.04792   0.02285   0.01468   0.07501   0.06057   0.03276   0.07858   0.04825   0.03299   0.01067   0.00729   0.00712   0.00369   0.00378   0.02091   0.06662   0.07931   0.61169   0.39540   0.10296   0.13402   0.17382   0.16413   0.06903   0.05657   0.27286   0.50271  
 44 54.6091  10479.199796  x:  0.01743   0.01297   0.17246   0.09314   0.51082   0.00487   0.09561   0.02236   0.04375   0.01812   0.03896   0.03668   0.01473   0.00902   0.04682   0.02305   0.01424   0.07299   0.06138   0.03277   0.07831   0.04736   0.03332   0.01079   0.00629   0.00698   0.00351   0.00365   0.02091   0.06717   0.08082   0.61359   0.39186   0.10361   0.13295   0.16796   0.16512   0.06690   0.05364   0.27407   0.50175  
 45 39.3915  10478.918163  x:  0.01749   0.01302   0.17493   0.08875   0.51152   0.00512   0.09544   0.02277   0.04434   0.01790   0.03896   0.03683   0.01460   0.00849   0.04810   0.02323   0.01346   0.07445   0.06084   0.03280   0.08218   0.04747   0.03340   0.01090   0.00521   0.00686   0.00332   0.00352   0.02088   0.06864   0.08176   0.60761   0.39938   0.10481   0.13293   0.16620   0.16659   0.06941   0.05375   0.27654   0.49981  
 46 19.2437  10478.607615  x:  0.01731   0.01321   0.17282   0.08784   0.51190   0.00534   0.09596   0.02273   0.04422   0.01810   0.03896   0.03687   0.01444   0.00801   0.04771   0.02332   0.01298   0.07382   0.06099   0.03287   0.07848   0.04751   0.03343   0.01092   0.00410   0.00679   0.00314   0.00339   0.02092   0.06646   0.07972   0.59656   0.41152   0.10298   0.13327   0.16932   0.16509   0.06697   0.05435   0.27528   0.49734  
 47 42.4572  10478.556450  x:  0.01733   0.01307   0.17121   0.09075   0.51175   0.00505   0.09591   0.02270   0.04413   0.01819   0.03901   0.03682   0.01441   0.00796   0.04753   0.02328   0.01278   0.07381   0.06107   0.03282   0.07966   0.04750   0.03339   0.01092   0.00398   0.00677   0.00309   0.00336   0.02091   0.06765   0.07881   0.59418   0.41378   0.10359   0.13322   0.17052   0.16421   0.06809   0.05405   0.27424   0.49690  
 48 25.3823  10478.555882  x:  0.01733   0.01307   0.17113   0.09080   0.51174   0.00505   0.09591   0.02270   0.04413   0.01820   0.03901   0.03681   0.01441   0.00796   0.04751   0.02329   0.01276   0.07401   0.06109   0.03281   0.07980   0.04750   0.03339   0.01092   0.00398   0.00677   0.00309   0.00336   0.02091   0.06768   0.07880   0.59415   0.41380   0.10365   0.13322   0.17051   0.16428   0.06781   0.05416   0.27423   0.49689  
 49  1.6301  10478.545852  x:  0.01728   0.01314   0.16956   0.09069   0.51168   0.00506   0.09594   0.02270   0.04414   0.01820   0.03900   0.03682   0.01440   0.00795   0.04752   0.02332   0.01275   0.07385   0.06107   0.03282   0.07967   0.04751   0.03339   0.01091   0.00401   0.00677   0.00308   0.00336   0.02091   0.06728   0.07872   0.59377   0.41403   0.10412   0.13315   0.17017   0.16615   0.06798   0.05407   0.27426   0.49677  
 50  0.4359  10477.979019  x:  0.01762   0.01296   0.16929   0.09062   0.50758   0.00534   0.09531   0.02340   0.04406   0.01886   0.03896   0.03704   0.01422   0.00745   0.04807   0.02405   0.01063   0.07328   0.06082   0.03290   0.07915   0.04738   0.03351   0.01075   0.00604   0.00667   0.00205   0.00337   0.02096   0.06911   0.07756   0.57207   0.42724   0.09971   0.13263   0.16875   0.16347   0.06758   0.05384   0.27556   0.48995  
 51  1.3186  10477.954306  x:  0.01766   0.01294   0.16981   0.09064   0.50738   0.00537   0.09529   0.02342   0.04405   0.01890   0.03896   0.03705   0.01421   0.00743   0.04811   0.02410   0.01058   0.07325   0.06081   0.03290   0.07913   0.04741   0.03349   0.01074   0.00613   0.00667   0.00201   0.00337   0.02097   0.06709   0.07726   0.57110   0.42775   0.10271   0.13254   0.16883   0.16244   0.06759   0.05384   0.27555   0.48967  
 52 12.4676  10477.568633  x:  0.01800   0.01298   0.16940   0.09024   0.50176   0.00574   0.09495   0.02375   0.04391   0.01913   0.03895   0.03703   0.01386   0.00763   0.04817   0.02447   0.01347   0.07340   0.06063   0.03296   0.07944   0.04736   0.03352   0.01022   0.00637   0.00676   0.00054   0.00340   0.02103   0.06708   0.07759   0.56229   0.42452   0.10275   0.13207   0.16664   0.16207   0.06753   0.05384   0.27807   0.48711  
 53  0.0112  10477.430027  x:  0.01801   0.01312   0.16982   0.09008   0.50243   0.00603   0.09544   0.02351   0.04396   0.01890   0.03892   0.03695   0.01389   0.00785   0.04778   0.02437   0.01300   0.07360   0.06090   0.03288   0.07935   0.04742   0.03349   0.00976   0.00658   0.00688   0.00000   0.00366   0.02095   0.06732   0.07847   0.56969   0.41803   0.10305   0.13241   0.16756   0.16279   0.06773   0.05395   0.27811   0.48984  
 54  0.0090  10477.430027  x:  0.01801   0.01312   0.16982   0.09008   0.50243   0.00603   0.09544   0.02351   0.04396   0.01890   0.03892   0.03695   0.01389   0.00785   0.04778   0.02437   0.01300   0.07360   0.06090   0.03288   0.07935   0.04742   0.03349   0.00976   0.00658   0.00688   0.00000   0.00366   0.02095   0.06732   0.07847   0.56969   0.41803   0.10305   0.13241   0.16756   0.16279   0.06773   0.05395   0.27811   0.48984  
 55  0.0126  10477.249639  x:  0.01800   0.01312   0.16982   0.09008   0.50244   0.00598   0.09543   0.02350   0.04396   0.01888   0.03892   0.03695   0.01397   0.00773   0.04778   0.02435   0.01295   0.07359   0.06090   0.03288   0.07935   0.04742   0.03349   0.00920   0.00672   0.00687   0.00009   0.00518   0.02095   0.06732   0.07846   0.56969   0.41804   0.10305   0.13241   0.16757   0.16279   0.06772   0.05395   0.27810   0.48984  
 56 250.3530  10477.232325  x:  0.01800   0.01312   0.16982   0.09008   0.50244   0.00598   0.09543   0.02350   0.04396   0.01888   0.03892   0.03695   0.01398   0.00772   0.04778   0.02435   0.01294   0.07359   0.06090   0.03288   0.07935   0.04742   0.03349   0.00916   0.00673   0.00686   0.00000   0.00524   0.02095   0.06732   0.07846   0.56969   0.41804   0.10305   0.13242   0.16757   0.16279   0.06772   0.05395   0.27810   0.48984  
 57 247.5093  10477.228266  x:  0.01799   0.01312   0.16982   0.09008   0.50244   0.00596   0.09543   0.02350   0.04397   0.01887   0.03892   0.03695   0.01401   0.00767   0.04778   0.02434   0.01292   0.07359   0.06089   0.03288   0.07935   0.04742   0.03348   0.00896   0.00672   0.00686   0.00000   0.00548   0.02094   0.06732   0.07846   0.56970   0.41804   0.10305   0.13242   0.16757   0.16279   0.06772   0.05395   0.27809   0.48984  
 58 1699.9698  10477.205819  x:  0.01797   0.01311   0.16983   0.09008   0.50247   0.00587   0.09542   0.02348   0.04397   0.01883   0.03892   0.03695   0.01416   0.00751   0.04778   0.02431   0.01283   0.07358   0.06088   0.03288   0.07935   0.04742   0.03348   0.00829   0.00661   0.00685   0.00000   0.00515   0.02094   0.06731   0.07846   0.56971   0.41806   0.10304   0.13242   0.16758   0.16280   0.06772   0.05394   0.27805   0.48985  
 59 51.6551  10477.204973  x:  0.01794   0.01310   0.16984   0.09009   0.50252   0.00576   0.09541   0.02345   0.04397   0.01880   0.03892   0.03694   0.01429   0.00755   0.04779   0.02428   0.01273   0.07356   0.06087   0.03288   0.07934   0.04743   0.03346   0.00831   0.00663   0.00686   0.00000   0.00515   0.02096   0.06730   0.07846   0.56973   0.41811   0.10303   0.13242   0.16761   0.16280   0.06770   0.05394   0.27797   0.48985  
 60  7.0571  10477.204443  x:  0.01792   0.01310   0.16987   0.09015   0.50265   0.00569   0.09538   0.02344   0.04398   0.01879   0.03891   0.03694   0.01426   0.00747   0.04780   0.02424   0.01271   0.07353   0.06084   0.03288   0.07934   0.04744   0.03345   0.00834   0.00665   0.00683   0.00000   0.00515   0.02098   0.06727   0.07845   0.56978   0.41822   0.10300   0.13244   0.16766   0.16282   0.06768   0.05392   0.27781   0.48985  
 61  4.7992  10477.203451  x:  0.01788   0.01310   0.16994   0.09030   0.50296   0.00565   0.09533   0.02343   0.04400   0.01880   0.03890   0.03693   0.01418   0.00755   0.04784   0.02419   0.01274   0.07346   0.06080   0.03286   0.07934   0.04747   0.03342   0.00831   0.00663   0.00687   0.00000   0.00515   0.02099   0.06721   0.07844   0.56990   0.41849   0.10295   0.13247   0.16780   0.16286   0.06763   0.05390   0.27744   0.48987  
 62 12.7973  10477.202852  x:  0.01790   0.01309   0.16999   0.09039   0.50321   0.00573   0.09531   0.02346   0.04400   0.01881   0.03891   0.03693   0.01426   0.00755   0.04785   0.02422   0.01278   0.07344   0.06079   0.03287   0.07934   0.04747   0.03343   0.00831   0.00663   0.00682   0.00000   0.00515   0.02096   0.06720   0.07842   0.57000   0.41871   0.10292   0.13250   0.16789   0.16289   0.06761   0.05390   0.27723   0.48987  
 63 10.0493  10477.202614  x:  0.01792   0.01308   0.17001   0.09041   0.50333   0.00575   0.09531   0.02346   0.04399   0.01881   0.03892   0.03693   0.01428   0.00751   0.04785   0.02425   0.01278   0.07345   0.06080   0.03288   0.07935   0.04746   0.03344   0.00832   0.00663   0.00687   0.00000   0.00515   0.02096   0.06720   0.07842   0.57006   0.41883   0.10292   0.13250   0.16792   0.16290   0.06762   0.05391   0.27718   0.48988  
 64  7.7503  10477.201900  x:  0.01797   0.01304   0.17006   0.09039   0.50381   0.00572   0.09534   0.02347   0.04396   0.01880   0.03893   0.03696   0.01423   0.00754   0.04779   0.02436   0.01269   0.07352   0.06087   0.03291   0.07935   0.04742   0.03351   0.00831   0.00663   0.00685   0.00000   0.00515   0.02096   0.06725   0.07840   0.57028   0.41927   0.10296   0.13251   0.16801   0.16294   0.06769   0.05396   0.27714   0.48989  
 65  7.1651  10477.201108  x:  0.01791   0.01307   0.17009   0.09031   0.50441   0.00566   0.09539   0.02346   0.04395   0.01879   0.03893   0.03696   0.01426   0.00753   0.04775   0.02430   0.01281   0.07361   0.06093   0.03289   0.07936   0.04740   0.03349   0.00832   0.00663   0.00685   0.00000   0.00515   0.02098   0.06732   0.07835   0.57057   0.41986   0.10302   0.13251   0.16805   0.16296   0.06774   0.05399   0.27723   0.48991  
 66  8.7486  10477.200665  x:  0.01788   0.01311   0.17009   0.09027   0.50476   0.00573   0.09541   0.02346   0.04397   0.01881   0.03891   0.03694   0.01425   0.00753   0.04776   0.02421   0.01274   0.07361   0.06091   0.03286   0.07936   0.04742   0.03345   0.00832   0.00663   0.00685   0.00000   0.00515   0.02096   0.06733   0.07831   0.57075   0.42021   0.10303   0.13250   0.16804   0.16296   0.06773   0.05397   0.27735   0.48992  
 67  8.2255  10477.200391  x:  0.01793   0.01308   0.17004   0.09025   0.50497   0.00571   0.09539   0.02345   0.04400   0.01879   0.03891   0.03693   0.01425   0.00753   0.04783   0.02426   0.01276   0.07354   0.06083   0.03287   0.07935   0.04746   0.03344   0.00832   0.00663   0.00685   0.00000   0.00515   0.02095   0.06728   0.07826   0.57089   0.42047   0.10300   0.13248   0.16797   0.16294   0.06767   0.05390   0.27746   0.48993  
 68  3.7275  10477.200336  x:  0.01791   0.01308   0.17001   0.09026   0.50499   0.00571   0.09537   0.02347   0.04398   0.01881   0.03892   0.03694   0.01425   0.00753   0.04782   0.02427   0.01275   0.07351   0.06083   0.03289   0.07935   0.04745   0.03346   0.00832   0.00663   0.00685   0.00000   0.00515   0.02098   0.06725   0.07822   0.57093   0.42054   0.10299   0.13248   0.16792   0.16292   0.06766   0.05392   0.27748   0.48992  
 69  1.2958  10477.200307  x:  0.01791   0.01309   0.16999   0.09028   0.50499   0.00570   0.09536   0.02346   0.04397   0.01880   0.03892   0.03695   0.01425   0.00753   0.04781   0.02426   0.01276   0.07350   0.06084   0.03289   0.07935   0.04743   0.03347   0.00832   0.00663   0.00685   0.00000   0.00515   0.02095   0.06724   0.07819   0.57096   0.42059   0.10297   0.13247   0.16787   0.16290   0.06766   0.05393   0.27748   0.48992  
 70  1.1862  10477.200287  x:  0.01793   0.01308   0.16997   0.09030   0.50496   0.00570   0.09535   0.02345   0.04398   0.01880   0.03891   0.03694   0.01425   0.00753   0.04780   0.02426   0.01276   0.07351   0.06085   0.03287   0.07935   0.04743   0.03345   0.00832   0.00663   0.00685   0.00000   0.00515   0.02097   0.06724   0.07816   0.57100   0.42064   0.10297   0.13247   0.16784   0.16288   0.06767   0.05394   0.27747   0.48991  
 71  0.8245  10477.200269  x:  0.01792   0.01309   0.16995   0.09030   0.50491   0.00570   0.09536   0.02346   0.04399   0.01880   0.03892   0.03694   0.01425   0.00753   0.04781   0.02426   0.01275   0.07353   0.06085   0.03288   0.07935   0.04745   0.03345   0.00832   0.00663   0.00685   0.00000   0.00515   0.02096   0.06726   0.07813   0.57105   0.42070   0.10298   0.13247   0.16781   0.16287   0.06768   0.05393   0.27745   0.48990  
 72  0.6638  10477.200254  x:  0.01792   0.01308   0.16996   0.09029   0.50484   0.00571   0.09537   0.02345   0.04398   0.01880   0.03892   0.03695   0.01425   0.00753   0.04782   0.02425   0.01276   0.07353   0.06084   0.03288   0.07935   0.04744   0.03346   0.00832   0.00663   0.00685   0.00000   0.00515   0.02097   0.06727   0.07811   0.57111   0.42077   0.10299   0.13248   0.16782   0.16287   0.06767   0.05392   0.27744   0.48988  
 73  0.6115  10477.200242  x:  0.01792   0.01309   0.16997   0.09028   0.50476   0.00571   0.09538   0.02346   0.04398   0.01881   0.03892   0.03694   0.01425   0.00753   0.04782   0.02426   0.01276   0.07352   0.06084   0.03288   0.07935   0.04743   0.03345   0.00832   0.00663   0.00685   0.00000   0.00515   0.02096   0.06727   0.07810   0.57117   0.42084   0.10299   0.13248   0.16783   0.16288   0.06767   0.05392   0.27744   0.48987  
 74  0.9042  10477.200236  x:  0.01792   0.01309   0.16998   0.09027   0.50473   0.00571   0.09538   0.02346   0.04398   0.01880   0.03892   0.03694   0.01425   0.00753   0.04781   0.02426   0.01276   0.07351   0.06084   0.03288   0.07935   0.04744   0.03345   0.00832   0.00663   0.00685   0.00000   0.00515   0.02097   0.06726   0.07811   0.57119   0.42087   0.10298   0.13248   0.16785   0.16288   0.06767   0.05393   0.27744   0.48986  
 75  0.7392  10477.200235  x:  0.01792   0.01309   0.16998   0.09028   0.50472   0.00571   0.09537   0.02346   0.04398   0.01880   0.03892   0.03694   0.01425   0.00753   0.04781   0.02426   0.01276   0.07351   0.06084   0.03288   0.07935   0.04744   0.03346   0.00832   0.00663   0.00685   0.00000   0.00515   0.02097   0.06726   0.07811   0.57120   0.42088   0.10298   0.13248   0.16785   0.16289   0.06767   0.05393   0.27744   0.48986  
 76  0.3184  10477.200234  x:  0.01792   0.01309   0.16998   0.09028   0.50472   0.00571   0.09537   0.02346   0.04398   0.01880   0.03892   0.03694   0.01425   0.00753   0.04781   0.02426   0.01276   0.07352   0.06084   0.03288   0.07935   0.04744   0.03346   0.00832   0.00663   0.00685   0.00000   0.00515   0.02097   0.06726   0.07811   0.57121   0.42088   0.10298   0.13248   0.16785   0.16289   0.06767   0.05393   0.27745   0.48985  
 77  0.0993  10477.200234  x:  0.01792   0.01309   0.16998   0.09028   0.50472   0.00571   0.09537   0.02346   0.04398   0.01880   0.03892   0.03694   0.01425   0.00753   0.04781   0.02426   0.01276   0.07352   0.06084   0.03288   0.07935   0.04744   0.03345   0.00832   0.00663   0.00685   0.00000   0.00515   0.02097   0.06726   0.07811   0.57121   0.42088   0.10298   0.13248   0.16785   0.16289   0.06767   0.05393   0.27745   0.48985  
 78  0.0645  10477.200234  x:  0.01792   0.01309   0.16998   0.09028   0.50472   0.00571   0.09537   0.02346   0.04398   0.01880   0.03892   0.03694   0.01425   0.00753   0.04781   0.02426   0.01276   0.07352   0.06084   0.03288   0.07935   0.04744   0.03345   0.00832   0.00663   0.00685   0.00000   0.00515   0.02097   0.06726   0.07811   0.57121   0.42088   0.10298   0.13248   0.16785   0.16289   0.06767   0.05393   0.27745   0.48985  
 79  0.0222  10477.200234  x:  0.01792   0.01309   0.16998   0.09028   0.50472   0.00571   0.09536   0.02346   0.04398   0.01880   0.03892   0.03694   0.01425   0.00753   0.04781   0.02426   0.01276   0.07352   0.06084   0.03288   0.07935   0.04744   0.03345   0.00832   0.00663   0.00685   0.00000   0.00515   0.02097   0.06725   0.07811   0.57120   0.42088   0.10298   0.13248   0.16785   0.16289   0.06767   0.05393   0.27745   0.48986  
 80  0.0085  10477.200234  x:  0.01792   0.01309   0.16998   0.09028   0.50471   0.00571   0.09536   0.02346   0.04398   0.01880   0.03892   0.03694   0.01425   0.00753   0.04781   0.02426   0.01276   0.07352   0.06084   0.03288   0.07935   0.04744   0.03346   0.00832   0.00663   0.00685   0.00000   0.00515   0.02097   0.06726   0.07811   0.57119   0.42089   0.10298   0.13248   0.16786   0.16289   0.06767   0.05393   0.27745   0.48988  
 81  0.0543  10477.200234  x:  0.01792   0.01309   0.16998   0.09029   0.50471   0.00571   0.09537   0.02346   0.04398   0.01880   0.03892   0.03694   0.01425   0.00753   0.04781   0.02426   0.01276   0.07352   0.06084   0.03288   0.07935   0.04744   0.03345   0.00832   0.00663   0.00685   0.00000   0.00515   0.02097   0.06726   0.07811   0.57118   0.42090   0.10298   0.13248   0.16786   0.16289   0.06767   0.05393   0.27745   0.48990  
 82  0.1248  10477.200233  x:  0.01792   0.01309   0.16998   0.09029   0.50471   0.00571   0.09537   0.02346   0.04398   0.01880   0.03892   0.03694   0.01425   0.00753   0.04781   0.02426   0.01276   0.07352   0.06085   0.03288   0.07935   0.04744   0.03346   0.00832   0.00663   0.00685   0.00000   0.00515   0.02097   0.06726   0.07812   0.57117   0.42091   0.10298   0.13247   0.16785   0.16289   0.06767   0.05393   0.27745   0.48993  
 83  0.1188  10477.200233  x:  0.01792   0.01309   0.16997   0.09028   0.50470   0.00571   0.09537   0.02346   0.04398   0.01880   0.03892   0.03694   0.01425   0.00753   0.04781   0.02426   0.01276   0.07352   0.06085   0.03288   0.07935   0.04744   0.03346   0.00832   0.00663   0.00685   0.00000   0.00515   0.02097   0.06725   0.07812   0.57117   0.42091   0.10298   0.13247   0.16785   0.16289   0.06767   0.05393   0.27745   0.48995  
 84  0.1144  10477.200232  x:  0.01792   0.01309   0.16997   0.09028   0.50470   0.00571   0.09536   0.02346   0.04398   0.01880   0.03892   0.03694   0.01425   0.00753   0.04781   0.02426   0.01276   0.07352   0.06084   0.03288   0.07935   0.04744   0.03345   0.00832   0.00663   0.00685   0.00000   0.00515   0.02097   0.06725   0.07813   0.57117   0.42091   0.10298   0.13248   0.16785   0.16289   0.06767   0.05393   0.27744   0.48997  
 85  0.0791  10477.200229  x:  0.01792   0.01309   0.16998   0.09027   0.50470   0.00571   0.09535   0.02346   0.04398   0.01880   0.03891   0.03694   0.01425   0.00753   0.04781   0.02426   0.01276   0.07352   0.06084   0.03288   0.07935   0.04745   0.03346   0.00832   0.00663   0.00685   0.00000   0.00515   0.02097   0.06726   0.07813   0.57121   0.42089   0.10299   0.13249   0.16785   0.16289   0.06767   0.05393   0.27744   0.49006  
 86  0.1522  10477.200224  x:  0.01792   0.01309   0.16998   0.09028   0.50470   0.00571   0.09535   0.02346   0.04398   0.01880   0.03892   0.03694   0.01425   0.00753   0.04781   0.02426   0.01276   0.07351   0.06085   0.03288   0.07935   0.04744   0.03345   0.00832   0.00663   0.00685   0.00000   0.00515   0.02097   0.06726   0.07812   0.57126   0.42086   0.10299   0.13249   0.16785   0.16288   0.06767   0.05393   0.27744   0.49018  
 87  0.5717  10477.200221  x:  0.01792   0.01309   0.16998   0.09029   0.50470   0.00571   0.09537   0.02346   0.04399   0.01880   0.03892   0.03694   0.01425   0.00753   0.04781   0.02426   0.01276   0.07352   0.06085   0.03288   0.07935   0.04744   0.03346   0.00831   0.00663   0.00685   0.00000   0.00515   0.02097   0.06726   0.07812   0.57129   0.42084   0.10298   0.13248   0.16785   0.16289   0.06767   0.05393   0.27745   0.49024  
 88  0.4385  10477.200220  x:  0.01792   0.01309   0.16998   0.09029   0.50470   0.00571   0.09537   0.02346   0.04398   0.01880   0.03892   0.03694   0.01425   0.00753   0.04781   0.02426   0.01276   0.07352   0.06084   0.03288   0.07935   0.04744   0.03345   0.00831   0.00663   0.00685   0.00000   0.00515   0.02097   0.06725   0.07811   0.57130   0.42084   0.10298   0.13247   0.16785   0.16289   0.06767   0.05393   0.27745   0.49026  
 89  0.1618  10477.200208  x:  0.01792   0.01309   0.16995   0.09027   0.50470   0.00571   0.09536   0.02346   0.04398   0.01880   0.03892   0.03694   0.01425   0.00753   0.04780   0.02426   0.01276   0.07353   0.06084   0.03288   0.07935   0.04744   0.03345   0.00831   0.00663   0.00685   0.00000   0.00516   0.02097   0.06725   0.07810   0.57131   0.42083   0.10299   0.13243   0.16787   0.16290   0.06766   0.05393   0.27743   0.49027  
 90  0.0360  10477.200145  x:  0.01791   0.01308   0.16988   0.09025   0.50470   0.00572   0.09534   0.02346   0.04398   0.01880   0.03892   0.03694   0.01425   0.00753   0.04787   0.02426   0.01276   0.07350   0.06087   0.03288   0.07935   0.04745   0.03345   0.00831   0.00664   0.00685   0.00000   0.00516   0.02097   0.06725   0.07809   0.57131   0.42083   0.10302   0.13241   0.16790   0.16292   0.06770   0.05395   0.27743   0.49025  
 91  0.1188  10477.199644  x:  0.01792   0.01310   0.16970   0.09030   0.50470   0.00571   0.09537   0.02345   0.04398   0.01881   0.03892   0.03694   0.01424   0.00754   0.04776   0.02427   0.01276   0.07346   0.06082   0.03288   0.07935   0.04744   0.03345   0.00828   0.00670   0.00685   0.00000   0.00519   0.02097   0.06723   0.07807   0.57128   0.42085   0.10305   0.13260   0.16798   0.16298   0.06777   0.05387   0.27747   0.49001  
 92  0.3486  10477.199255  x:  0.01793   0.01309   0.16983   0.09031   0.50470   0.00571   0.09539   0.02346   0.04398   0.01881   0.03892   0.03694   0.01423   0.00755   0.04781   0.02426   0.01276   0.07357   0.06086   0.03287   0.07935   0.04745   0.03344   0.00826   0.00675   0.00685   0.00000   0.00521   0.02097   0.06722   0.07808   0.57124   0.42088   0.10299   0.13259   0.16791   0.16293   0.06760   0.05397   0.27748   0.48981  
 93  1.1001  10477.199132  x:  0.01793   0.01308   0.16997   0.09028   0.50470   0.00572   0.09536   0.02346   0.04398   0.01881   0.03892   0.03694   0.01423   0.00755   0.04781   0.02427   0.01277   0.07352   0.06085   0.03287   0.07935   0.04745   0.03344   0.00825   0.00676   0.00685   0.00000   0.00522   0.02097   0.06725   0.07810   0.57123   0.42089   0.10298   0.13248   0.16783   0.16288   0.06768   0.05393   0.27745   0.48975  
 94  1.0040  10477.199131  x:  0.01793   0.01308   0.16997   0.09028   0.50470   0.00572   0.09536   0.02346   0.04398   0.01881   0.03892   0.03694   0.01423   0.00755   0.04781   0.02427   0.01277   0.07352   0.06085   0.03287   0.07935   0.04745   0.03344   0.00825   0.00676   0.00685   0.00000   0.00522   0.02097   0.06724   0.07810   0.57123   0.42089   0.10299   0.13248   0.16783   0.16288   0.06768   0.05393   0.27745   0.48975  
 95  0.0332  10477.199113  x:  0.01793   0.01308   0.16998   0.09028   0.50470   0.00572   0.09536   0.02346   0.04398   0.01881   0.03892   0.03694   0.01423   0.00755   0.04781   0.02427   0.01276   0.07352   0.06085   0.03287   0.07942   0.04745   0.03344   0.00825   0.00676   0.00685   0.00000   0.00521   0.02097   0.06724   0.07810   0.57123   0.42089   0.10299   0.13248   0.16782   0.16290   0.06768   0.05393   0.27745   0.48975  
 96  0.0039  10477.198629  x:  0.01792   0.01308   0.17000   0.09028   0.50472   0.00572   0.09537   0.02346   0.04398   0.01881   0.03892   0.03694   0.01422   0.00757   0.04781   0.02427   0.01277   0.07351   0.06085   0.03288   0.07933   0.04745   0.03345   0.00827   0.00681   0.00685   0.00000   0.00515   0.02097   0.06727   0.07811   0.57122   0.42087   0.10294   0.13247   0.16773   0.16314   0.06767   0.05393   0.27745   0.48975  
 97  0.0706  10477.198465  x:  0.01792   0.01309   0.16997   0.09028   0.50472   0.00573   0.09537   0.02347   0.04398   0.01881   0.03892   0.03694   0.01421   0.00757   0.04781   0.02427   0.01277   0.07351   0.06084   0.03288   0.07935   0.04745   0.03345   0.00828   0.00682   0.00685   0.00000   0.00513   0.02096   0.06727   0.07812   0.57122   0.42086   0.10295   0.13247   0.16786   0.16289   0.06767   0.05393   0.27746   0.48975  
 98  0.6551  10477.198461  x:  0.01792   0.01309   0.16998   0.09028   0.50472   0.00573   0.09537   0.02346   0.04398   0.01881   0.03892   0.03694   0.01421   0.00757   0.04781   0.02427   0.01278   0.07351   0.06085   0.03288   0.07935   0.04745   0.03345   0.00828   0.00682   0.00686   0.00000   0.00513   0.02097   0.06725   0.07812   0.57122   0.42087   0.10298   0.13248   0.16786   0.16289   0.06767   0.05393   0.27746   0.48975  
 99  0.0001  10477.198460  x:  0.01793   0.01309   0.16998   0.09029   0.50472   0.00573   0.09537   0.02346   0.04398   0.01881   0.03892   0.03694   0.01421   0.00757   0.04781   0.02427   0.01278   0.07351   0.06085   0.03288   0.07935   0.04745   0.03345   0.00827   0.00682   0.00686   0.00000   0.00513   0.02097   0.06725   0.07812   0.57123   0.42087   0.10299   0.13247   0.16785   0.16289   0.06767   0.05393   0.27745   0.48974  
100  0.0000  10477.198460  x:  0.01792   0.01309   0.16998   0.09028   0.50472   0.00573   0.09537   0.02346   0.04398   0.01881   0.03892   0.03694   0.01421   0.00757   0.04781   0.02427   0.01278   0.07351   0.06085   0.03288   0.07935   0.04745   0.03345   0.00828   0.00682   0.00686   0.00000   0.00513   0.02097   0.06725   0.07812   0.57123   0.42087   0.10299   0.13248   0.16785   0.16289   0.06767   0.05393   0.27746   0.48975  
101  0.0000  10477.198460  x:  0.01792   0.01309   0.16998   0.09029   0.50472   0.00573   0.09537   0.02346   0.04398   0.01881   0.03892   0.03694   0.01421   0.00757   0.04781   0.02427   0.01277   0.07351   0.06085   0.03288   0.07935   0.04745   0.03345   0.00827   0.00682   0.00686   0.00000   0.00512   0.02097   0.06725   0.07812   0.57123   0.42087   0.10299   0.13247   0.16785   0.16289   0.06767   0.05393   0.27745   0.48975  
102  0.0000  10477.198460  x:  0.01792   0.01309   0.16998   0.09028   0.50472   0.00573   0.09537   0.02346   0.04398   0.01881   0.03892   0.03694   0.01421   0.00757   0.04781   0.02427   0.01277   0.07351   0.06085   0.03288   0.07935   0.04745   0.03345   0.00827   0.00682   0.00686   0.00000   0.00512   0.02097   0.06725   0.07812   0.57123   0.42087   0.10299   0.13247   0.16785   0.16289   0.06767   0.05393   0.27745   0.48975  