

TREE # 1

  0  0.0000   2633.911301  x:  0.00753   0.00000   0.20096   0.04905   0.06618   0.00592   0.06203   0.02191   0.07954   0.02409   0.03631   0.00680   0.01147   0.00305   0.01722   0.00949   0.00638   0.05774   0.07183   0.04050   0.07397   0.04956   0.01692   0.00353   0.02060   0.00641   0.00230   0.01155   0.03629   0.05628   0.04929   0.02198   0.02257   0.05383   0.17133   0.16200   0.18353   0.71165   0.02402   0.88481   0.81797  
  1 99.0000   2630.287077  x:  0.01030   0.00705   0.20113   0.04925   0.06589   0.00679   0.06153   0.02333   0.07986   0.02240   0.03628   0.00648   0.01154   0.00074   0.01740   0.00972   0.00867   0.05759   0.07172   0.04054   0.07431   0.04947   0.01553   0.00505   0.01964   0.00836   0.00000   0.01162   0.03627   0.05587   0.04916   0.02219   0.02211   0.05378   0.17125   0.16181   0.18348   0.71166   0.02452   0.88646   0.81639  
  2 712.9901   2629.713897  x:  0.01088   0.00684   0.20117   0.04923   0.06580   0.00696   0.06138   0.02371   0.07996   0.02188   0.03626   0.00641   0.01155   0.00000   0.01742   0.00978   0.00906   0.05753   0.07168   0.04056   0.07441   0.04944   0.01511   0.00516   0.01935   0.00866   0.00000   0.01163   0.03627   0.05575   0.04912   0.02225   0.02198   0.05377   0.17123   0.16175   0.18345   0.71166   0.02466   0.88698   0.81590  
  3 510.4981   2624.233084  x:  0.01234   0.00783   0.20243   0.04874   0.06276   0.00521   0.05654   0.02949   0.08295   0.00527   0.03598   0.00713   0.01165   0.00000   0.01811   0.01093   0.00529   0.05571   0.07061   0.04088   0.07721   0.04857   0.00420   0.00161   0.01214   0.00391   0.00000   0.01174   0.03611   0.05170   0.04801   0.02343   0.01877   0.05340   0.17036   0.15885   0.18194   0.71171   0.02823   0.90498   0.79850  
  4 483.3658   2623.352223  x:  0.01128   0.00768   0.20275   0.04861   0.06203   0.00466   0.05538   0.03016   0.08366   0.00211   0.03592   0.00739   0.01163   0.00000   0.01819   0.01109   0.00421   0.05528   0.07035   0.04095   0.07789   0.04840   0.00280   0.00377   0.01092   0.00406   0.00000   0.01173   0.03607   0.05072   0.04776   0.02362   0.01821   0.05331   0.17013   0.15806   0.18149   0.71172   0.02899   0.90972   0.79386  
  5 970.6297   2617.826082  x:  0.00000   0.00770   0.20603   0.04753   0.05493   0.00290   0.04439   0.03446   0.09066   0.00016   0.03541   0.00936   0.01139   0.00000   0.01852   0.01207   0.00552   0.05125   0.06780   0.04164   0.08471   0.04709   0.00406   0.00104   0.00294   0.01268   0.00000   0.01152   0.03575   0.04131   0.04540   0.02499   0.01392   0.05253   0.16783   0.15006   0.17682   0.71179   0.03607   0.95835   0.74590  
  6 650.1064   2617.826082  x:  0.00000   0.00770   0.20603   0.04753   0.05493   0.00290   0.04439   0.03446   0.09066   0.00016   0.03541   0.00936   0.01139   0.00000   0.01852   0.01207   0.00552   0.05125   0.06780   0.04164   0.08471   0.04709   0.00406   0.00104   0.00294   0.01268   0.00000   0.01152   0.03575   0.04131   0.04540   0.02499   0.01392   0.05253   0.16783   0.15006   0.17682   0.71179   0.03607   0.95835   0.74590  
  7 5016.7594   2611.257834  x:  0.00857   0.00721   0.20608   0.04767   0.05499   0.00570   0.04465   0.03471   0.09074   0.01772   0.03545   0.00869   0.01147   0.00000   0.01843   0.01196   0.00789   0.05131   0.06780   0.04164   0.08478   0.04715   0.00476   0.01046   0.00912   0.01255   0.00000   0.01158   0.03576   0.04143   0.04546   0.02492   0.01448   0.05254   0.16780   0.15026   0.17693   0.71179   0.03612   0.95963   0.74447  
  8 1905.5218   2606.672182  x:  0.02874   0.00309   0.20653   0.04800   0.05576   0.01427   0.04615   0.03542   0.09077   0.01000   0.03558   0.00270   0.01200   0.00000   0.01800   0.01142   0.01959   0.05175   0.06779   0.04159   0.08525   0.04761   0.00800   0.00497   0.01600   0.01154   0.00000   0.01202   0.03586   0.04254   0.04592   0.02429   0.01873   0.05267   0.16752   0.14999   0.17643   0.71174   0.03586   0.97100   0.73168  
  9 314.8673   2604.086590  x:  0.04340   0.00530   0.20728   0.04839   0.05643   0.01555   0.04794   0.03618   0.09083   0.00272   0.03576   0.01790   0.01210   0.00000   0.01834   0.01177   0.02486   0.05202   0.06778   0.04151   0.08552   0.04788   0.00724   0.00699   0.01814   0.01128   0.00000   0.01210   0.03597   0.04385   0.04647   0.02365   0.02104   0.05283   0.16701   0.14878   0.17521   0.71168   0.03519   0.98900   0.71116  
 10 365.8567   2596.600689  x:  0.05362   0.00563   0.20885   0.04844   0.05719   0.00774   0.05060   0.03722   0.09101   0.00565   0.03602   0.01966   0.01163   0.00000   0.01865   0.01294   0.02393   0.05211   0.06778   0.04133   0.08561   0.04803   0.00389   0.00072   0.01056   0.01212   0.00000   0.01172   0.03608   0.04567   0.04723   0.02308   0.02070   0.05305   0.16582   0.14535   0.17216   0.71157   0.03338   1.02790   0.66590  
 11 411.9523   2590.649091  x:  0.06164   0.00515   0.21031   0.04843   0.05790   0.00077   0.05295   0.03811   0.09116   0.00506   0.03625   0.01816   0.01125   0.00000   0.01874   0.01391   0.02287   0.05220   0.06778   0.04117   0.08570   0.04819   0.00170   0.00209   0.00305   0.01283   0.00000   0.01140   0.03618   0.04727   0.04789   0.02261   0.02031   0.05323   0.16472   0.14215   0.16931   0.71148   0.03170   1.06404   0.62376  
 12 6920.6834   2565.357426  x:  0.07009   0.00711   0.21650   0.04820   0.06090   0.00383   0.06116   0.04121   0.09174   0.00309   0.03695   0.01540   0.00961   0.00000   0.01749   0.01764   0.00300   0.05206   0.06778   0.04054   0.08569   0.04871   0.00809   0.00258   0.00031   0.01599   0.00000   0.01002   0.03641   0.05242   0.05001   0.02177   0.01331   0.05380   0.16009   0.12819   0.15713   0.71115   0.02457   1.21553   0.44525  
 13 2895.5437   2562.545117  x:  0.07111   0.00734   0.21734   0.04817   0.06129   0.00361   0.06226   0.04163   0.09182   0.00270   0.03704   0.01493   0.00939   0.00000   0.01735   0.01815   0.00039   0.05205   0.06778   0.04045   0.08569   0.04877   0.00867   0.00264   0.00075   0.01643   0.00000   0.00984   0.03645   0.05312   0.05029   0.02165   0.01237   0.05388   0.15946   0.12630   0.15548   0.71110   0.02360   1.23597   0.42118  
 14 133903.5759   2545.857735  x:  0.06562   0.01044   0.22283   0.04778   0.06359   0.00384   0.06858   0.04388   0.09233   0.00326   0.03753   0.01365   0.00821   0.00000   0.01607   0.02146   0.00522   0.05206   0.06778   0.03993   0.08571   0.04899   0.01233   0.00326   0.00193   0.01923   0.00000   0.00880   0.03656   0.05700   0.05181   0.02146   0.00464   0.05426   0.15537   0.11365   0.14463   0.71088   0.01741   1.37126   0.26102  
 15 10229.5784   2543.459820  x:  0.06211   0.00974   0.22384   0.04784   0.06376   0.00482   0.06881   0.04380   0.09243   0.00412   0.03745   0.01375   0.00974   0.00000   0.01561   0.02062   0.00532   0.05201   0.06775   0.03991   0.08575   0.04889   0.01083   0.00349   0.00195   0.01828   0.00000   0.00995   0.03647   0.05693   0.05170   0.02191   0.01509   0.05416   0.15479   0.11199   0.14323   0.71109   0.01780   1.39916   0.22951  
 16 1576.6104   2541.779492  x:  0.06060   0.00321   0.22409   0.04869   0.06287   0.00802   0.06525   0.04189   0.09248   0.00426   0.03679   0.01492   0.01262   0.00000   0.01545   0.01431   0.00472   0.05203   0.06765   0.04023   0.08614   0.04854   0.00319   0.00376   0.00177   0.01207   0.00000   0.01254   0.03602   0.05400   0.05001   0.02281   0.01284   0.05349   0.15554   0.11515   0.14578   0.71240   0.02496   1.41910   0.21922  
 17 212.9239   2540.710809  x:  0.05984   0.00000   0.22416   0.05001   0.06174   0.00624   0.06120   0.03995   0.09251   0.00462   0.03628   0.01610   0.01114   0.00000   0.01707   0.00987   0.00483   0.05232   0.06754   0.04052   0.08670   0.04879   0.00714   0.00354   0.00180   0.01029   0.00000   0.01129   0.03568   0.05111   0.04841   0.02313   0.01299   0.05289   0.15667   0.11914   0.14879   0.71402   0.03014   1.43579   0.21779  
 18 198.5794   2538.340868  x:  0.05888   0.00920   0.22459   0.05711   0.05820   0.00802   0.04667   0.03436   0.09250   0.00424   0.03509   0.01324   0.00776   0.00000   0.02306   0.00696   0.00524   0.05371   0.06721   0.04119   0.08818   0.04899   0.00506   0.00386   0.00192   0.01710   0.00000   0.00824   0.03491   0.04202   0.04351   0.02302   0.01404   0.05115   0.16145   0.13470   0.15999   0.72094   0.04270   1.49942   0.22397  
 19 300.3532   2536.218583  x:  0.05615   0.00923   0.22449   0.06077   0.05568   0.00721   0.03736   0.03289   0.09241   0.00474   0.03509   0.01312   0.01735   0.00000   0.02403   0.01776   0.00574   0.05484   0.06696   0.04132   0.08929   0.04939   0.00887   0.00396   0.00212   0.01801   0.00000   0.01584   0.03497   0.03790   0.04161   0.02222   0.01418   0.05054   0.16654   0.14953   0.17022   0.72920   0.04640   1.57151   0.23848  
 20 410.5505   2530.771369  x:  0.04727   0.00000   0.22340   0.06036   0.05493   0.01163   0.04011   0.03813   0.09198   0.00612   0.03674   0.01443   0.00938   0.00000   0.01463   0.02631   0.00688   0.05427   0.06670   0.04065   0.09056   0.04905   0.00370   0.00494   0.00251   0.01214   0.00000   0.00886   0.03616   0.04094   0.04464   0.02179   0.01783   0.05165   0.17491   0.17176   0.18527   0.74587   0.03707   1.71102   0.27590  
 21 480.3206   2528.404190  x:  0.04389   0.00000   0.22235   0.05667   0.05751   0.01182   0.05103   0.03842   0.09161   0.00682   0.03610   0.01311   0.01364   0.00000   0.01604   0.00865   0.00761   0.05196   0.06677   0.04072   0.09050   0.04869   0.00490   0.00519   0.00271   0.01255   0.00000   0.01763   0.03574   0.04480   0.04676   0.02452   0.01848   0.05237   0.17650   0.17568   0.18945   0.75418   0.02822   1.77534   0.29614  
 22 314.0523   2528.095000  x:  0.04357   0.00000   0.22156   0.05449   0.05878   0.01234   0.05196   0.03589   0.09148   0.00691   0.03511   0.01264   0.01658   0.00000   0.02164   0.00807   0.00775   0.05193   0.06696   0.04109   0.08919   0.04847   0.00466   0.00530   0.00275   0.00945   0.00000   0.01446   0.03509   0.04541   0.04590   0.02394   0.01875   0.05203   0.17458   0.17056   0.18829   0.75598   0.02784   1.78470   0.30006  
 23 72.0787   2527.916951  x:  0.04324   0.00369   0.22055   0.05277   0.05932   0.01289   0.05164   0.03436   0.09137   0.00700   0.03462   0.01300   0.01657   0.00000   0.02240   0.00816   0.00788   0.05203   0.06715   0.04127   0.08795   0.04831   0.00414   0.00539   0.00278   0.01156   0.00000   0.01425   0.03478   0.04545   0.04503   0.02378   0.01905   0.05167   0.17251   0.16507   0.18720   0.75780   0.02910   1.79338   0.30363  
 24 81.0195   2527.651103  x:  0.04309   0.00092   0.21827   0.04955   0.05987   0.01352   0.05000   0.03211   0.09116   0.00710   0.03401   0.01324   0.01571   0.00000   0.02252   0.00822   0.00809   0.05235   0.06748   0.04153   0.08560   0.04810   0.00366   0.00550   0.00285   0.01320   0.00000   0.01493   0.03441   0.04489   0.04335   0.02365   0.01955   0.05099   0.16805   0.15323   0.18447   0.76105   0.03200   1.80678   0.30967  
 25 120.0906   2527.523479  x:  0.04351   0.00195   0.21689   0.05060   0.05921   0.01324   0.04812   0.03338   0.09109   0.00707   0.03453   0.01282   0.01469   0.00000   0.02093   0.00790   0.00816   0.05254   0.06754   0.04137   0.08487   0.04815   0.00414   0.00547   0.00286   0.01098   0.00000   0.01626   0.03474   0.04387   0.04315   0.02412   0.01968   0.05089   0.16525   0.14569   0.18211   0.76245   0.03431   1.80877   0.31148  
 26 56.4133   2527.497739  x:  0.04343   0.00168   0.21627   0.05197   0.05856   0.01326   0.04811   0.03449   0.09110   0.00709   0.03482   0.01285   0.01587   0.00000   0.02062   0.00745   0.00819   0.05243   0.06742   0.04126   0.08531   0.04822   0.00417   0.00548   0.00287   0.01146   0.00000   0.01521   0.03493   0.04367   0.04384   0.02428   0.01970   0.05114   0.16463   0.14401   0.18128   0.76327   0.03510   1.81029   0.31221  
 27 21.0969   2527.484893  x:  0.04324   0.00145   0.21562   0.05344   0.05796   0.01341   0.04892   0.03451   0.09115   0.00712   0.03475   0.01289   0.01540   0.00000   0.02159   0.00779   0.00821   0.05220   0.06721   0.04124   0.08626   0.04827   0.00405   0.00551   0.00288   0.01154   0.00000   0.01561   0.03488   0.04371   0.04452   0.02434   0.01976   0.05143   0.16442   0.14345   0.18035   0.76433   0.03570   1.81164   0.31269  
 28 11.0368   2527.473112  x:  0.04325   0.00151   0.21455   0.05394   0.05763   0.01338   0.04899   0.03340   0.09128   0.00713   0.03459   0.01287   0.01554   0.00000   0.02092   0.00770   0.00820   0.05215   0.06709   0.04128   0.08762   0.04832   0.00407   0.00551   0.00288   0.01142   0.00000   0.01552   0.03479   0.04384   0.04411   0.02358   0.01976   0.05139   0.16458   0.14373   0.17826   0.76648   0.03567   1.81197   0.31268  
 29  5.0480   2527.451353  x:  0.04331   0.00161   0.21264   0.05307   0.05790   0.01338   0.04846   0.03392   0.09143   0.00712   0.03465   0.01284   0.01553   0.00000   0.02113   0.00781   0.00818   0.05228   0.06707   0.04140   0.08901   0.04833   0.00403   0.00551   0.00288   0.01146   0.00000   0.01542   0.03482   0.04372   0.04335   0.02508   0.01975   0.05111   0.16512   0.14493   0.17446   0.77150   0.03583   1.81285   0.31249  
 30 10.7337   2527.429070  x:  0.04321   0.00168   0.21148   0.05206   0.05843   0.01340   0.04817   0.03513   0.09137   0.00714   0.03487   0.01278   0.01536   0.00000   0.02164   0.00766   0.00820   0.05235   0.06722   0.04132   0.08829   0.04833   0.00406   0.00552   0.00288   0.01154   0.00000   0.01567   0.03496   0.04347   0.04411   0.02351   0.01977   0.05119   0.16560   0.14603   0.17216   0.77693   0.03656   1.81365   0.31210  
 31 12.6978   2527.383391  x:  0.04326   0.00172   0.21096   0.05220   0.05867   0.01318   0.04924   0.03381   0.09099   0.00713   0.03469   0.01261   0.01562   0.00000   0.02071   0.00804   0.00824   0.05217   0.06752   0.04099   0.08452   0.04828   0.00443   0.00550   0.00289   0.01139   0.00000   0.01533   0.03486   0.04370   0.04589   0.02438   0.01970   0.05171   0.16610   0.14716   0.17106   0.78802   0.03797   1.81482   0.31094  
 32 14.5566   2527.284036  x:  0.04286   0.00135   0.21348   0.05492   0.05725   0.01326   0.04917   0.03476   0.09070   0.00715   0.03492   0.01266   0.01540   0.00000   0.02124   0.00782   0.00824   0.05234   0.06726   0.04152   0.08165   0.04809   0.00429   0.00552   0.00288   0.01156   0.00000   0.01542   0.03495   0.04519   0.04204   0.02396   0.01964   0.05121   0.16596   0.14654   0.17496   0.81029   0.03464   1.82117   0.30939  
 33 18.1011   2527.169714  x:  0.04266   0.00146   0.21758   0.05335   0.05773   0.01324   0.04743   0.03409   0.09125   0.00716   0.03458   0.01258   0.01523   0.00000   0.02114   0.00787   0.00814   0.05279   0.06697   0.04100   0.08658   0.04825   0.00413   0.00551   0.00287   0.01153   0.00000   0.01532   0.03485   0.04341   0.04518   0.02422   0.01949   0.05115   0.16500   0.14401   0.18231   0.83220   0.03105   1.82755   0.30732  
 34 27.6972   2527.119912  x:  0.04249   0.00154   0.21815   0.05194   0.05882   0.01301   0.04983   0.03482   0.09148   0.00717   0.03521   0.01229   0.01551   0.00000   0.02047   0.00863   0.00815   0.05191   0.06733   0.04152   0.08905   0.04848   0.00452   0.00550   0.00288   0.01145   0.00000   0.01503   0.03497   0.04379   0.04361   0.02386   0.01946   0.05146   0.16455   0.14333   0.18491   0.83611   0.03358   1.82954   0.30647  
 35  9.1619   2525.874104  x:  0.03695   0.00154   0.20308   0.05191   0.06137   0.01290   0.04139   0.03693   0.09115   0.00791   0.02681   0.00997   0.01476   0.00000   0.02005   0.00899   0.00849   0.04928   0.07165   0.03739   0.09117   0.04862   0.00543   0.00576   0.00303   0.01150   0.00000   0.01446   0.03741   0.06179   0.04524   0.02374   0.01951   0.05679   0.16041   0.14391   0.19271   0.82802   0.03223   1.93066   0.30521  
 36  6.9754   2523.621933  x:  0.02666   0.00170   0.18043   0.05174   0.05961   0.01324   0.03976   0.03369   0.09065   0.00918   0.04863   0.00611   0.01366   0.00000   0.02010   0.01084   0.00913   0.05421   0.07335   0.03890   0.08890   0.04825   0.00615   0.00629   0.00331   0.01172   0.00000   0.01275   0.03438   0.06259   0.04780   0.02334   0.01970   0.05511   0.15577   0.14551   0.20029   0.80840   0.02147   2.13117   0.30506  
 37 277.0902   2522.017082  x:  0.02087   0.00181   0.17939   0.05132   0.05574   0.01301   0.04781   0.03767   0.09084   0.00983   0.03627   0.00376   0.01364   0.00000   0.01684   0.01394   0.00961   0.05680   0.06870   0.04092   0.08524   0.04809   0.00691   0.00657   0.00350   0.01152   0.00000   0.01077   0.03577   0.04501   0.04574   0.02202   0.01991   0.04911   0.15727   0.14560   0.19747   0.79472   0.01461   2.25618   0.30627  
 38 264.3161   2521.319409  x:  0.01796   0.00113   0.20631   0.05186   0.05808   0.01306   0.04515   0.03729   0.09154   0.01030   0.03877   0.00272   0.01322   0.00000   0.01617   0.01450   0.01003   0.05093   0.06313   0.03935   0.08516   0.04776   0.00726   0.00676   0.00362   0.01152   0.00000   0.01029   0.03543   0.04624   0.04524   0.02198   0.02030   0.05381   0.16586   0.14365   0.18327   0.78772   0.01654   2.31643   0.30972  
 39 71.0495   2521.255751  x:  0.01755   0.00097   0.21051   0.05241   0.05790   0.01306   0.04533   0.03732   0.09127   0.01038   0.03860   0.00260   0.01321   0.00000   0.01605   0.01442   0.01003   0.05392   0.06724   0.04103   0.08570   0.04788   0.00731   0.00678   0.00364   0.01151   0.00000   0.01031   0.03589   0.04779   0.04611   0.02199   0.02035   0.05157   0.16626   0.14366   0.18124   0.78707   0.01746   2.32199   0.31020  
 40 23.1630   2521.251751  x:  0.01752   0.00096   0.21092   0.05245   0.05784   0.01307   0.04549   0.03737   0.09109   0.01038   0.03865   0.00260   0.01321   0.00000   0.01607   0.01444   0.01003   0.05403   0.06799   0.03986   0.08576   0.04794   0.00730   0.00678   0.00364   0.01151   0.00000   0.01030   0.03555   0.04760   0.04590   0.02198   0.02035   0.05153   0.16563   0.14392   0.18102   0.78704   0.01745   2.32240   0.31026  
 41  4.0472   2521.245625  x:  0.01750   0.00095   0.21161   0.05244   0.05779   0.01307   0.04546   0.03727   0.09073   0.01038   0.03871   0.00263   0.01319   0.00000   0.01608   0.01446   0.01005   0.05352   0.06841   0.04027   0.08576   0.04791   0.00729   0.00678   0.00364   0.01152   0.00000   0.01030   0.03616   0.04724   0.04585   0.02199   0.02036   0.05209   0.16323   0.14487   0.18058   0.78702   0.01730   2.32308   0.31034  
 42  1.9629   2521.236778  x:  0.01747   0.00095   0.21224   0.05242   0.05784   0.01303   0.04544   0.03751   0.09081   0.01038   0.03851   0.00265   0.01319   0.00000   0.01593   0.01447   0.01005   0.05369   0.06744   0.04066   0.08575   0.04786   0.00733   0.00678   0.00364   0.01150   0.00000   0.01031   0.03490   0.04766   0.04608   0.02198   0.02036   0.05153   0.16118   0.14567   0.18026   0.78699   0.01755   2.32382   0.31036  
 43  3.0119   2521.205235  x:  0.01736   0.00093   0.21309   0.05236   0.05803   0.01301   0.04587   0.03727   0.09184   0.01038   0.03876   0.00276   0.01316   0.00000   0.01604   0.01439   0.01006   0.05510   0.06518   0.03937   0.08571   0.04797   0.00735   0.00678   0.00365   0.01153   0.00000   0.01038   0.03693   0.04845   0.04621   0.02203   0.02037   0.04996   0.15972   0.14639   0.17992   0.78691   0.01829   2.32681   0.31041  
 44  3.1989   2520.652982  x:  0.01686   0.00086   0.22019   0.05266   0.05740   0.01271   0.04870   0.03760   0.10198   0.01012   0.03673   0.00563   0.01197   0.00000   0.01623   0.01342   0.01044   0.05921   0.06717   0.04137   0.08480   0.04929   0.00706   0.00674   0.00380   0.01187   0.00000   0.01116   0.03450   0.04523   0.04509   0.02276   0.02038   0.05730   0.16688   0.14680   0.17656   0.78539   0.02174   2.38753   0.31089  
 45  8.6965   2520.354907  x:  0.01692   0.00082   0.22300   0.05261   0.05595   0.01252   0.04902   0.03759   0.09455   0.00997   0.03664   0.00697   0.01141   0.00000   0.01647   0.01341   0.01074   0.05057   0.06884   0.04181   0.08537   0.04692   0.00712   0.00671   0.00387   0.01204   0.00000   0.01141   0.03453   0.04454   0.04645   0.02303   0.02037   0.04972   0.17225   0.14627   0.17530   0.78468   0.02333   2.41598   0.31092  
 46 46.2077   2520.323568  x:  0.01684   0.00081   0.22327   0.05275   0.05666   0.01250   0.04922   0.03757   0.08979   0.01000   0.03647   0.00711   0.01135   0.00000   0.01643   0.01332   0.01074   0.05206   0.06784   0.04189   0.08581   0.04804   0.00706   0.00670   0.00388   0.01206   0.00000   0.01145   0.03449   0.04446   0.04626   0.02307   0.02037   0.05055   0.17301   0.14611   0.17521   0.78462   0.02359   2.41897   0.31092  
 47 12.7977   2520.322445  x:  0.01686   0.00082   0.22329   0.05265   0.05645   0.01249   0.04926   0.03758   0.08961   0.00999   0.03646   0.00710   0.01135   0.00000   0.01643   0.01332   0.01073   0.05226   0.06778   0.04186   0.08586   0.04732   0.00709   0.00670   0.00388   0.01205   0.00000   0.01146   0.03450   0.04449   0.04624   0.02307   0.02037   0.05074   0.17303   0.14611   0.17522   0.78463   0.02365   2.41907   0.31090  
 48  1.2164   2520.207331  x:  0.01746   0.00118   0.22295   0.04965   0.05029   0.01225   0.05027   0.03757   0.08959   0.00948   0.03629   0.00675   0.01120   0.00000   0.01706   0.01259   0.01086   0.05189   0.06723   0.04168   0.08594   0.04983   0.00680   0.00664   0.00393   0.01190   0.00000   0.01178   0.03474   0.04542   0.04640   0.02346   0.02021   0.05188   0.17230   0.14743   0.17640   0.78717   0.02548   2.43675   0.30940  
 49  0.3534   2519.614409  x:  0.01954   0.00111   0.21879   0.05310   0.05869   0.01013   0.05458   0.03684   0.09205   0.00715   0.03475   0.00571   0.01005   0.00000   0.01804   0.00933   0.01157   0.05026   0.06712   0.04115   0.08653   0.04850   0.00565   0.00630   0.00418   0.01151   0.00000   0.01332   0.03563   0.04334   0.04557   0.02508   0.01949   0.05344   0.16759   0.15430   0.18303   0.80148   0.03189   2.53684   0.30363  
 50 51.0358   2519.216582  x:  0.02117   0.00088   0.22087   0.05411   0.05852   0.00769   0.05006   0.03676   0.09161   0.00475   0.03509   0.00634   0.01299   0.00000   0.01764   0.01002   0.01252   0.05247   0.06653   0.04038   0.08659   0.04845   0.00494   0.00592   0.00456   0.01157   0.00000   0.01029   0.03582   0.04563   0.04502   0.02376   0.01890   0.05147   0.16654   0.15229   0.18309   0.80682   0.03008   2.64129   0.30178  
 51  0.0962   2519.057806  x:  0.01786   0.00046   0.21867   0.05409   0.05806   0.00650   0.04788   0.03661   0.09193   0.00463   0.03564   0.00617   0.01140   0.00000   0.01803   0.00988   0.01337   0.05319   0.06659   0.04032   0.08653   0.04823   0.00510   0.00587   0.00490   0.01169   0.00000   0.01230   0.03534   0.04650   0.04497   0.02314   0.01881   0.05095   0.16542   0.14934   0.18175   0.80534   0.02663   2.69477   0.30532  
 52  0.0481   2518.955836  x:  0.01452   0.00112   0.21484   0.05372   0.05852   0.00586   0.04924   0.03706   0.09157   0.00490   0.03551   0.00570   0.01210   0.00000   0.01705   0.01046   0.01436   0.05113   0.06794   0.04099   0.08630   0.04841   0.00464   0.00587   0.00531   0.01154   0.00000   0.01155   0.03532   0.04416   0.04555   0.02355   0.01841   0.05251   0.16666   0.15081   0.18203   0.80103   0.02689   2.68107   0.30910  
 53  0.0077   2518.844015  x:  0.01625   0.00113   0.21802   0.05358   0.05904   0.00486   0.05027   0.03719   0.09110   0.00382   0.03570   0.00553   0.01180   0.00000   0.01738   0.01041   0.01543   0.05138   0.06794   0.04118   0.08642   0.04843   0.00467   0.00572   0.00582   0.01164   0.00000   0.01151   0.03521   0.04497   0.04572   0.02387   0.01759   0.05203   0.16868   0.15342   0.18433   0.80108   0.02548   2.61524   0.30772  
 54  0.0361   2518.770858  x:  0.01497   0.00068   0.22030   0.05416   0.05865   0.00569   0.05000   0.03725   0.09146   0.00441   0.03551   0.00574   0.01147   0.00000   0.01792   0.01042   0.01644   0.05230   0.06677   0.04063   0.08620   0.04825   0.00483   0.00593   0.00634   0.01175   0.00000   0.01151   0.03550   0.04572   0.04521   0.02340   0.01703   0.05111   0.16727   0.15195   0.18372   0.80164   0.02640   2.54875   0.30529  
 55  0.0406   2518.717904  x:  0.01544   0.00065   0.21899   0.05422   0.05819   0.00550   0.04842   0.03680   0.09194   0.00387   0.03536   0.00607   0.01162   0.00000   0.01723   0.01000   0.01773   0.05210   0.06657   0.04033   0.08575   0.04814   0.00476   0.00595   0.00700   0.01157   0.00000   0.01174   0.03555   0.04470   0.04488   0.02323   0.01682   0.05133   0.16522   0.15009   0.18123   0.80018   0.02846   2.57558   0.30283  
 56  0.0132   2518.670312  x:  0.01536   0.00116   0.21760   0.05378   0.05840   0.00616   0.04919   0.03661   0.09197   0.00443   0.03581   0.00635   0.01185   0.00000   0.01821   0.00953   0.01882   0.05172   0.06743   0.04086   0.08614   0.04820   0.00510   0.00608   0.00766   0.01168   0.00000   0.01164   0.03507   0.04576   0.04550   0.02390   0.01730   0.05200   0.16669   0.15179   0.18251   0.80016   0.02699   2.59576   0.30258  
 57  0.0092   2518.642573  x:  0.01697   0.00086   0.21762   0.05359   0.05849   0.00631   0.04937   0.03707   0.09179   0.00464   0.03532   0.00613   0.01168   0.00000   0.01733   0.01056   0.01942   0.05189   0.06740   0.04080   0.08579   0.04822   0.00516   0.00605   0.00812   0.01151   0.00000   0.01171   0.03549   0.04453   0.04536   0.02352   0.01776   0.05184   0.16701   0.15170   0.18318   0.80156   0.02662   2.59274   0.30388  
 58  0.0028   2518.626090  x:  0.01742   0.00066   0.21835   0.05408   0.05849   0.00583   0.04947   0.03687   0.09146   0.00487   0.03570   0.00568   0.01170   0.00000   0.01774   0.01019   0.01963   0.05179   0.06682   0.04045   0.08584   0.04811   0.00498   0.00591   0.00845   0.01166   0.00000   0.01164   0.03550   0.04574   0.04509   0.02341   0.01791   0.05151   0.16606   0.15043   0.18238   0.80319   0.02687   2.60441   0.30485  
 59  0.0051   2518.598517  x:  0.01785   0.00115   0.22024   0.05395   0.05851   0.00563   0.04850   0.03678   0.09115   0.00548   0.03534   0.00544   0.01175   0.00000   0.01743   0.00990   0.01870   0.05182   0.06739   0.04101   0.08611   0.04820   0.00457   0.00571   0.00869   0.01177   0.00000   0.01163   0.03500   0.04444   0.04556   0.02367   0.01767   0.05112   0.16806   0.15103   0.18117   0.79844   0.02693   2.60054   0.30369  
 60  0.0014   2518.491006  x:  0.01801   0.00036   0.21818   0.05334   0.05922   0.00632   0.04850   0.03667   0.09134   0.00599   0.03564   0.00576   0.01149   0.00000   0.01774   0.01015   0.01450   0.05152   0.06816   0.04106   0.08656   0.04843   0.00488   0.00549   0.00942   0.01191   0.00000   0.01127   0.03552   0.04545   0.04529   0.02338   0.01711   0.05270   0.16731   0.14944   0.18315   0.80025   0.02728   2.59203   0.30303  
 61  0.0016   2518.422208  x:  0.01704   0.00103   0.21733   0.05431   0.05828   0.00616   0.04972   0.03696   0.09180   0.00498   0.03531   0.00595   0.01158   0.00000   0.01775   0.01025   0.01374   0.05259   0.06642   0.04034   0.08645   0.04830   0.00482   0.00551   0.01090   0.01145   0.00000   0.01179   0.03558   0.04555   0.04513   0.02345   0.01693   0.05134   0.16574   0.15116   0.18235   0.80389   0.02641   2.61088   0.30593  
 62  0.0094   2518.409207  x:  0.01689   0.00081   0.21814   0.05371   0.05842   0.00600   0.04937   0.03690   0.09158   0.00458   0.03570   0.00595   0.01175   0.00000   0.01747   0.01021   0.01417   0.05204   0.06716   0.04072   0.08635   0.04839   0.00482   0.00558   0.01151   0.01165   0.00000   0.01165   0.03534   0.04523   0.04531   0.02356   0.01710   0.05159   0.16664   0.15115   0.18234   0.80123   0.02698   2.60269   0.30548  
 63  0.0058   2518.406058  x:  0.01673   0.00081   0.21859   0.05382   0.05850   0.00604   0.04913   0.03691   0.09162   0.00469   0.03547   0.00585   0.01166   0.00000   0.01757   0.01019   0.01370   0.05216   0.06722   0.04078   0.08649   0.04839   0.00480   0.00563   0.01172   0.01165   0.00000   0.01162   0.03539   0.04524   0.04529   0.02349   0.01739   0.05171   0.16692   0.15100   0.18257   0.80122   0.02696   2.59888   0.30452  
 64  0.0024   2518.404934  x:  0.01664   0.00083   0.21843   0.05395   0.05848   0.00603   0.04924   0.03690   0.09159   0.00464   0.03550   0.00583   0.01167   0.00000   0.01757   0.01018   0.01391   0.05217   0.06706   0.04068   0.08647   0.04836   0.00480   0.00572   0.01172   0.01160   0.00000   0.01165   0.03542   0.04531   0.04525   0.02350   0.01771   0.05160   0.16674   0.15108   0.18259   0.80178   0.02688   2.59813   0.30431  
 65  0.0007   2518.404573  x:  0.01667   0.00082   0.21829   0.05388   0.05849   0.00596   0.04928   0.03690   0.09158   0.00464   0.03557   0.00587   0.01172   0.00000   0.01754   0.01018   0.01377   0.05212   0.06709   0.04070   0.08644   0.04838   0.00478   0.00577   0.01163   0.01162   0.00000   0.01165   0.03539   0.04526   0.04527   0.02352   0.01779   0.05158   0.16668   0.15112   0.18250   0.80150   0.02690   2.59738   0.30438  
 66  0.0005   2518.404408  x:  0.01672   0.00083   0.21840   0.05387   0.05848   0.00591   0.04924   0.03693   0.09164   0.00465   0.03550   0.00589   0.01169   0.00000   0.01755   0.01020   0.01381   0.05219   0.06712   0.04072   0.08647   0.04839   0.00476   0.00582   0.01161   0.01163   0.00000   0.01165   0.03541   0.04528   0.04527   0.02350   0.01775   0.05164   0.16673   0.15107   0.18252   0.80149   0.02690   2.59724   0.30435  
 67  0.0001   2518.404313  x:  0.01674   0.00082   0.21838   0.05390   0.05849   0.00592   0.04927   0.03691   0.09161   0.00467   0.03554   0.00589   0.01169   0.00000   0.01754   0.01019   0.01379   0.05216   0.06709   0.04070   0.08648   0.04838   0.00476   0.00587   0.01166   0.01162   0.00000   0.01166   0.03541   0.04528   0.04527   0.02352   0.01770   0.05162   0.16671   0.15110   0.18253   0.80160   0.02692   2.59769   0.30443  
 68  0.0002   2518.404306  x:  0.01674   0.00082   0.21836   0.05389   0.05849   0.00592   0.04926   0.03691   0.09161   0.00467   0.03553   0.00588   0.01170   0.00000   0.01755   0.01019   0.01380   0.05216   0.06710   0.04070   0.08646   0.04838   0.00477   0.00588   0.01166   0.01162   0.00000   0.01165   0.03540   0.04527   0.04527   0.02351   0.01769   0.05161   0.16671   0.15109   0.18251   0.80155   0.02691   2.59789   0.30444  
 69  0.0002   2518.404305  x:  0.01674   0.00083   0.21836   0.05389   0.05849   0.00592   0.04926   0.03691   0.09160   0.00466   0.03553   0.00588   0.01170   0.00000   0.01754   0.01019   0.01379   0.05216   0.06710   0.04070   0.08646   0.04838   0.00477   0.00588   0.01165   0.01162   0.00000   0.01165   0.03540   0.04527   0.04527   0.02351   0.01769   0.05161   0.16671   0.15109   0.18251   0.80154   0.02690   2.59787   0.30443  
 70  0.0000   2518.404305  x:  0.01674   0.00082   0.21836   0.05389   0.05849   0.00592   0.04926   0.03691   0.09160   0.00466   0.03553   0.00588   0.01170   0.00000   0.01755   0.01019   0.01379   0.05216   0.06710   0.04070   0.08646   0.04838   0.00477   0.00588   0.01165   0.01162   0.00000   0.01165   0.03540   0.04527   0.04527   0.02351   0.01769   0.05161   0.16671   0.15109   0.18251   0.80155   0.02690   2.59788   0.30443  
 71  0.0000   2518.404305  x:  0.01674   0.00082   0.21836   0.05389   0.05849   0.00592   0.04926   0.03691   0.09160   0.00466   0.03553   0.00588   0.01170   0.00000   0.01754   0.01019   0.01379   0.05216   0.06710   0.04070   0.08646   0.04838   0.00477   0.00588   0.01165   0.01162   0.00000   0.01165   0.03540   0.04527   0.04527   0.02351   0.01769   0.05161   0.16671   0.15109   0.18251   0.80155   0.02690   2.59788   0.30443  
 72  0.0000   2518.404305  x:  0.01674   0.00082   0.21836   0.05389   0.05849   0.00592   0.04926   0.03691   0.09160   0.00466   0.03553   0.00588   0.01170   0.00000   0.01754   0.01019   0.01379   0.05216   0.06710   0.04070   0.08646   0.04838   0.00477   0.00588   0.01165   0.01162   0.00000   0.01165   0.03540   0.04527   0.04527   0.02351   0.01769   0.05161   0.16671   0.15109   0.18251   0.80155   0.02690   2.59788   0.30443  