

TREE # 1

  0  0.0000   9076.242305  x:  0.03440   0.01540   0.12094   0.07900   0.38724   0.00000   0.09358   0.04529   0.05587   0.02873   0.05515   0.03270   0.02181   0.02414   0.02903   0.04495   0.03111   0.07305   0.06102   0.05562   0.07768   0.04456   0.03105   0.02083   0.02728   0.04008   0.00422   0.03462   0.02841   0.10982   0.12175   0.11457   0.12386   0.07968   0.06875   0.53285   0.52845  
  1 99.0000   9059.917148  x:  0.03323   0.01564   0.12238   0.07972   0.38841   0.00289   0.09358   0.04349   0.05485   0.02717   0.05386   0.03310   0.02014   0.02110   0.03099   0.04342   0.02910   0.07292   0.06083   0.05398   0.07762   0.04474   0.03136   0.01824   0.02392   0.03642   0.00000   0.03082   0.02721   0.11179   0.12202   0.11616   0.12487   0.07898   0.06779   0.53023   0.52843  
  2 1504.8511   9048.085627  x:  0.03198   0.01554   0.12385   0.07979   0.38967   0.00000   0.09350   0.04152   0.05387   0.02588   0.05257   0.03343   0.01904   0.01824   0.03216   0.04188   0.02712   0.07280   0.06069   0.05227   0.07759   0.04489   0.03156   0.01589   0.02060   0.03230   0.00000   0.02666   0.02631   0.11378   0.12229   0.11778   0.12593   0.07826   0.06680   0.52710   0.52842  
  3 3970.4755   9024.761764  x:  0.02917   0.01032   0.12957   0.07979   0.39903   0.00116   0.09380   0.03671   0.05275   0.03150   0.04956   0.03196   0.03144   0.01935   0.01805   0.03683   0.02314   0.07277   0.06182   0.04615   0.07864   0.04454   0.02976   0.02298   0.01393   0.00848   0.00000   0.00441   0.03219   0.11990   0.12332   0.12316   0.13081   0.07599   0.06357   0.50238   0.52826  
  4 1074.0799   9017.867670  x:  0.02897   0.01313   0.13282   0.08006   0.40603   0.00079   0.09402   0.03497   0.05264   0.03482   0.04853   0.03145   0.03690   0.02101   0.02301   0.03510   0.02213   0.07292   0.06268   0.04331   0.07940   0.04431   0.02940   0.02718   0.01323   0.00231   0.00000   0.00758   0.03475   0.12290   0.12422   0.12602   0.13369   0.07485   0.06218   0.48264   0.52812  
  5 707.7652   8999.592562  x:  0.02763   0.01800   0.14185   0.08082   0.42504   0.00000   0.09457   0.02968   0.05187   0.04249   0.04532   0.03042   0.05027   0.02366   0.03170   0.02986   0.01862   0.07325   0.06478   0.03537   0.08136   0.04383   0.02864   0.03670   0.01003   0.00675   0.00000   0.00789   0.04065   0.13156   0.12660   0.13411   0.14162   0.07164   0.05819   0.42891   0.52776  
  6 3428.3416   8999.592562  x:  0.02763   0.01800   0.14185   0.08082   0.42504   0.00000   0.09457   0.02968   0.05187   0.04249   0.04532   0.03042   0.05027   0.02366   0.03170   0.02986   0.01862   0.07325   0.06478   0.03537   0.08136   0.04383   0.02864   0.03670   0.01003   0.00675   0.00000   0.00789   0.04065   0.13156   0.12660   0.13411   0.14162   0.07164   0.05819   0.42891   0.52776  
  7 1442.4950   8971.424661  x:  0.02418   0.01682   0.14485   0.08355   0.42869   0.01169   0.09448   0.02628   0.04851   0.03212   0.04243   0.03378   0.03601   0.00974   0.03888   0.02726   0.01376   0.07287   0.06339   0.03406   0.08069   0.04501   0.03166   0.02171   0.00365   0.00685   0.00000   0.00086   0.03104   0.13632   0.12725   0.13774   0.14357   0.07037   0.05659   0.41804   0.52764  
  8 1107.5011   8969.978078  x:  0.02391   0.01672   0.14509   0.08376   0.42899   0.01261   0.09448   0.02600   0.04824   0.03129   0.04220   0.03405   0.03486   0.00863   0.03945   0.02706   0.01338   0.07284   0.06327   0.03396   0.08064   0.04511   0.03190   0.02051   0.00316   0.00686   0.00032   0.00040   0.03027   0.13670   0.12730   0.13803   0.14372   0.07026   0.05646   0.41717   0.52763  
  9 88047.4602   8963.286371  x:  0.02263   0.01628   0.14620   0.08473   0.43036   0.01666   0.09444   0.02475   0.04701   0.02745   0.04114   0.03528   0.02955   0.00361   0.04207   0.02611   0.01164   0.07270   0.06276   0.03348   0.08040   0.04554   0.03299   0.01498   0.00117   0.00690   0.00060   0.00183   0.02673   0.13848   0.12754   0.13939   0.14445   0.06979   0.05587   0.41307   0.52759  
 10 14150.1147   8959.429084  x:  0.02174   0.01593   0.14703   0.08532   0.43138   0.01893   0.09442   0.02390   0.04616   0.02478   0.04039   0.03608   0.02573   0.00145   0.04381   0.02549   0.01063   0.07261   0.06240   0.03316   0.08023   0.04583   0.03369   0.01120   0.00384   0.00693   0.00061   0.00228   0.02430   0.13978   0.12772   0.14039   0.14499   0.06946   0.05545   0.40997   0.52756  
 11 4498.7581   8953.040683  x:  0.02003   0.01522   0.14869   0.08634   0.43346   0.02256   0.09436   0.02232   0.04456   0.01978   0.03895   0.03759   0.01838   0.00519   0.04703   0.02439   0.00909   0.07244   0.06172   0.03256   0.07992   0.04637   0.03493   0.00434   0.00557   0.00694   0.00069   0.00294   0.01978   0.14239   0.12807   0.14238   0.14609   0.06882   0.05465   0.40357   0.52750  
 12 3409.5403   8947.779592  x:  0.01802   0.01397   0.15159   0.08684   0.43728   0.02250   0.09430   0.02092   0.04281   0.01454   0.03736   0.03881   0.00899   0.00627   0.05048   0.02371   0.01070   0.07227   0.06085   0.03199   0.07957   0.04696   0.03580   0.01066   0.00607   0.00676   0.00075   0.00313   0.01627   0.14678   0.12863   0.14579   0.14804   0.06791   0.05359   0.39134   0.52741  
 13 875.1946   8925.115330  x:  0.00905   0.00612   0.17498   0.08632   0.47026   0.00000   0.09422   0.01936   0.03593   0.00764   0.03186   0.04207   0.01528   0.00457   0.06803   0.02268   0.02402   0.07148   0.05564   0.03045   0.07741   0.04931   0.03673   0.00661   0.00462   0.00717   0.00054   0.00233   0.02003   0.18110   0.13288   0.17287   0.16420   0.06214   0.04727   0.28328   0.52663  
 14 760.6697   8917.015499  x:  0.00976   0.00815   0.18409   0.08790   0.48463   0.00306   0.09440   0.02170   0.03607   0.01948   0.03207   0.04263   0.01483   0.00512   0.07339   0.02206   0.02308   0.07125   0.05453   0.03081   0.07674   0.04974   0.03675   0.00784   0.00517   0.00680   0.00061   0.00262   0.02053   0.19389   0.13443   0.18329   0.17066   0.06097   0.04623   0.23784   0.52622  
 15 1962.3441   8914.368394  x:  0.01390   0.01010   0.18628   0.08885   0.49135   0.00545   0.09459   0.02368   0.03957   0.01382   0.03534   0.04068   0.01704   0.00561   0.07035   0.02216   0.01636   0.07158   0.05631   0.03237   0.07720   0.04881   0.03548   0.00961   0.00549   0.00738   0.00065   0.00277   0.02171   0.19628   0.13469   0.18573   0.17247   0.06289   0.04892   0.22244   0.52595  
 16 472.0614   8913.607543  x:  0.01292   0.00874   0.18647   0.08872   0.49562   0.00294   0.09482   0.02306   0.04148   0.01432   0.03676   0.03923   0.01471   0.00525   0.06603   0.02283   0.01339   0.07207   0.05790   0.03265   0.07796   0.04811   0.03477   0.00877   0.00515   0.00598   0.00060   0.00259   0.02132   0.19601   0.13467   0.18576   0.17277   0.06451   0.05088   0.21795   0.52574  
 17 226.8848   8913.370039  x:  0.01186   0.00834   0.18644   0.08889   0.49857   0.00302   0.09501   0.02245   0.04180   0.01449   0.03687   0.03876   0.01429   0.00518   0.06346   0.02322   0.01354   0.07241   0.05861   0.03238   0.07849   0.04789   0.03471   0.00857   0.00509   0.00808   0.00060   0.00256   0.02093   0.19561   0.13466   0.18558   0.17286   0.06521   0.05157   0.21654   0.52557  
 18 187.2419   8912.997682  x:  0.01026   0.00873   0.18631   0.08958   0.50549   0.00478   0.09543   0.02130   0.04135   0.01398   0.03620   0.03852   0.01495   0.00521   0.05875   0.02374   0.01555   0.07308   0.05957   0.03148   0.07954   0.04775   0.03510   0.00850   0.00515   0.00695   0.00061   0.00260   0.02022   0.19460   0.13466   0.18513   0.17304   0.06613   0.05218   0.21502   0.52516  
 19 190.7547   8912.566561  x:  0.01324   0.01065   0.18605   0.09039   0.51909   0.00335   0.09609   0.02140   0.03946   0.01402   0.03455   0.03995   0.01394   0.00500   0.05499   0.02315   0.01597   0.07362   0.05937   0.03094   0.08043   0.04827   0.03626   0.00792   0.00498   0.00711   0.00059   0.00252   0.02035   0.19280   0.13466   0.18466   0.17357   0.06593   0.05119   0.21536   0.52428  
 20 128.6684   8911.981932  x:  0.01242   0.00797   0.18543   0.09164   0.54108   0.00326   0.09685   0.02245   0.03825   0.01423   0.03431   0.04170   0.01515   0.00522   0.05457   0.02213   0.01319   0.07367   0.05810   0.03164   0.08055   0.04893   0.03682   0.00889   0.00514   0.00710   0.00060   0.00259   0.02039   0.19044   0.13479   0.18393   0.17403   0.06469   0.04943   0.21766   0.52271  
 21 207.8750   8911.454294  x:  0.01107   0.00975   0.18477   0.09251   0.56361   0.00270   0.09681   0.02326   0.04088   0.01398   0.03670   0.04054   0.01447   0.00518   0.05836   0.02376   0.01448   0.07325   0.05759   0.03257   0.07984   0.04851   0.03513   0.00848   0.00512   0.00710   0.00060   0.00258   0.02101   0.18843   0.13499   0.18311   0.17407   0.06413   0.04979   0.22070   0.52082  
 22 232.3948   8911.356145  x:  0.01236   0.00889   0.18453   0.09211   0.56795   0.00280   0.09634   0.02197   0.04133   0.01421   0.03639   0.03939   0.01479   0.00520   0.05980   0.02360   0.01489   0.07296   0.05810   0.03203   0.07940   0.04817   0.03494   0.00854   0.00514   0.00708   0.00060   0.00259   0.02044   0.18828   0.13490   0.18293   0.17383   0.06463   0.05079   0.22130   0.52019  
 23 90.6869   8911.335376  x:  0.01203   0.00923   0.18436   0.09152   0.56891   0.00280   0.09591   0.02205   0.04100   0.01422   0.03590   0.03899   0.01478   0.00522   0.06023   0.02308   0.01464   0.07278   0.05857   0.03174   0.07913   0.04804   0.03523   0.00860   0.00515   0.00709   0.00061   0.00260   0.02085   0.18850   0.13475   0.18274   0.17338   0.06511   0.05128   0.22141   0.51969  
 24 27.4964   8911.324543  x:  0.01214   0.00910   0.18410   0.09067   0.56939   0.00288   0.09542   0.02259   0.04077   0.01421   0.03602   0.03922   0.01478   0.00521   0.06026   0.02322   0.01482   0.07269   0.05889   0.03191   0.07897   0.04802   0.03536   0.00856   0.00514   0.00708   0.00060   0.00259   0.02058   0.18894   0.13454   0.18247   0.17266   0.06545   0.05133   0.22138   0.51883  
 25 15.0606   8911.315174  x:  0.01218   0.00922   0.18382   0.08994   0.56972   0.00302   0.09501   0.02209   0.04085   0.01420   0.03614   0.03955   0.01475   0.00522   0.06016   0.02337   0.01470   0.07269   0.05877   0.03198   0.07894   0.04809   0.03522   0.00857   0.00515   0.00708   0.00061   0.00260   0.02080   0.18954   0.13433   0.18213   0.17176   0.06545   0.05100   0.22133   0.51744  
 26 15.7730   8911.304462  x:  0.01220   0.00933   0.18352   0.08978   0.56994   0.00297   0.09510   0.02227   0.04122   0.01418   0.03595   0.03915   0.01481   0.00521   0.05998   0.02310   0.01465   0.07279   0.05830   0.03172   0.07910   0.04816   0.03509   0.00858   0.00514   0.00709   0.00060   0.00259   0.02048   0.19025   0.13420   0.18174   0.17082   0.06510   0.05079   0.22130   0.51496  
 27 15.0065   8911.287901  x:  0.01242   0.00896   0.18324   0.09028   0.57015   0.00308   0.09563   0.02244   0.04108   0.01416   0.03597   0.03880   0.01457   0.00521   0.05992   0.02317   0.01483   0.07293   0.05815   0.03185   0.07935   0.04811   0.03526   0.00850   0.00514   0.00707   0.00061   0.00260   0.02103   0.19109   0.13420   0.18134   0.16992   0.06481   0.05109   0.22134   0.51037  
 28 27.6140   8911.259247  x:  0.01240   0.00929   0.18299   0.09140   0.57038   0.00270   0.09641   0.02211   0.04057   0.01425   0.03621   0.03904   0.01484   0.00522   0.06010   0.02341   0.01461   0.07300   0.05847   0.03217   0.07952   0.04798   0.03554   0.00862   0.00515   0.00709   0.00061   0.00260   0.02061   0.19208   0.13435   0.18087   0.16903   0.06477   0.05169   0.22148   0.50200  
 29 67.7490   8911.214340  x:  0.01244   0.00908   0.18308   0.09230   0.57056   0.00257   0.09639   0.02239   0.04121   0.01427   0.03606   0.04002   0.01480   0.00522   0.06004   0.02297   0.01476   0.07267   0.05931   0.03146   0.07908   0.04795   0.03478   0.00861   0.00515   0.00708   0.00061   0.00260   0.02077   0.19207   0.13468   0.18083   0.16952   0.06557   0.05130   0.22170   0.48827  
 30 55.8155   8911.165305  x:  0.01235   0.00913   0.18351   0.09177   0.57065   0.00265   0.09534   0.02233   0.04110   0.01426   0.03587   0.03893   0.01477   0.00523   0.05978   0.02340   0.01465   0.07250   0.05894   0.03214   0.07869   0.04818   0.03525   0.00859   0.00515   0.00708   0.00061   0.00260   0.02071   0.19076   0.13487   0.18126   0.17119   0.06588   0.05049   0.22185   0.47318  
 31 76.3586   8911.152661  x:  0.01231   0.00916   0.18364   0.09105   0.57065   0.00272   0.09518   0.02234   0.04086   0.01426   0.03637   0.03912   0.01476   0.00523   0.05980   0.02316   0.01469   0.07272   0.05847   0.03178   0.07898   0.04804   0.03526   0.00859   0.00515   0.00708   0.00061   0.00260   0.02071   0.19002   0.13471   0.18149   0.17170   0.06541   0.05114   0.22180   0.46944  
 32 32.3890   8911.149058  x:  0.01228   0.00917   0.18366   0.09073   0.57064   0.00277   0.09537   0.02237   0.04101   0.01425   0.03598   0.03929   0.01476   0.00523   0.05991   0.02328   0.01466   0.07285   0.05859   0.03195   0.07920   0.04800   0.03515   0.00859   0.00515   0.00708   0.00061   0.00260   0.02071   0.18966   0.13454   0.18160   0.17173   0.06513   0.05137   0.22174   0.46864  
 33  9.3250   8911.142960  x:  0.01229   0.00918   0.18359   0.09042   0.57058   0.00279   0.09603   0.02231   0.04099   0.01423   0.03619   0.03914   0.01476   0.00523   0.06015   0.02323   0.01468   0.07286   0.05907   0.03181   0.07941   0.04817   0.03528   0.00859   0.00516   0.00708   0.00061   0.00260   0.02072   0.18896   0.13409   0.18184   0.17137   0.06505   0.05095   0.22157   0.46818  
 34  3.5060   8911.114388  x:  0.01231   0.00918   0.18330   0.09070   0.57032   0.00276   0.09675   0.02231   0.04066   0.01423   0.03601   0.03922   0.01474   0.00523   0.06026   0.02331   0.01478   0.07244   0.05794   0.03200   0.07892   0.04790   0.03483   0.00858   0.00516   0.00708   0.00061   0.00260   0.02069   0.18714   0.13316   0.18264   0.16983   0.06625   0.05098   0.22118   0.46787  
 35  4.0632   8910.986362  x:  0.01239   0.00908   0.18278   0.09251   0.56942   0.00248   0.09472   0.02233   0.04234   0.01431   0.03605   0.03992   0.01480   0.00528   0.05966   0.02344   0.01495   0.07239   0.05794   0.03178   0.07780   0.04839   0.03716   0.00866   0.00520   0.00708   0.00061   0.00262   0.02079   0.18395   0.13277   0.18460   0.16639   0.06543   0.05177   0.22130   0.46824  
 36  8.7562   8910.616743  x:  0.01285   0.00928   0.18183   0.09480   0.56716   0.00255   0.09067   0.02261   0.04023   0.01462   0.03649   0.03844   0.01463   0.00536   0.05765   0.02318   0.01455   0.07332   0.06042   0.03222   0.07778   0.04814   0.03360   0.00870   0.00525   0.00706   0.00061   0.00265   0.02067   0.17964   0.13384   0.18730   0.16152   0.06266   0.05194   0.22315   0.47009  
 37 31.0131   8908.825939  x:  0.01474   0.01081   0.17736   0.08984   0.55674   0.00406   0.09389   0.02356   0.04309   0.01586   0.03773   0.03724   0.01468   0.00594   0.05138   0.02634   0.01158   0.07551   0.06036   0.03027   0.08661   0.04561   0.03448   0.00954   0.00570   0.00700   0.00066   0.00288   0.02118   0.17399   0.14008   0.18479   0.15879   0.07013   0.05232   0.23633   0.48095  
 38 32.2243   8908.244867  x:  0.01528   0.01144   0.17462   0.08838   0.55324   0.00457   0.09617   0.02267   0.04474   0.01626   0.03905   0.03711   0.01446   0.00605   0.04829   0.02203   0.01284   0.07434   0.06084   0.03455   0.08456   0.04719   0.03424   0.00948   0.00579   0.00697   0.00066   0.00293   0.02096   0.17185   0.13826   0.17894   0.16027   0.07031   0.05382   0.23914   0.48450  
 39 95.0963   8907.825862  x:  0.01579   0.01174   0.17147   0.08844   0.55050   0.00481   0.09755   0.02305   0.04430   0.01631   0.03885   0.03671   0.01435   0.00617   0.04648   0.02484   0.01197   0.07280   0.06118   0.03264   0.07963   0.04793   0.03377   0.00963   0.00588   0.00696   0.00067   0.00297   0.02101   0.16950   0.13369   0.17032   0.16280   0.06811   0.05480   0.23980   0.48710  
 40 91.0177   8907.770325  x:  0.01589   0.01166   0.17070   0.08942   0.55002   0.00464   0.09642   0.02307   0.04434   0.01633   0.03885   0.03679   0.01436   0.00618   0.04709   0.02453   0.01208   0.07389   0.06122   0.03281   0.08062   0.04625   0.03408   0.00966   0.00589   0.00696   0.00067   0.00298   0.02102   0.16848   0.13217   0.16757   0.16327   0.06837   0.05407   0.23929   0.48746  
 41 29.0337   8907.764836  x:  0.01591   0.01163   0.17066   0.08965   0.54996   0.00460   0.09610   0.02310   0.04430   0.01634   0.03883   0.03680   0.01437   0.00619   0.04731   0.02457   0.01207   0.07402   0.06115   0.03278   0.08113   0.04697   0.03396   0.00967   0.00590   0.00696   0.00067   0.00298   0.02103   0.16825   0.13203   0.16704   0.16328   0.06863   0.05419   0.23915   0.48750  
 42 10.6356   8907.764500  x:  0.01591   0.01163   0.17081   0.08964   0.54995   0.00460   0.09609   0.02310   0.04430   0.01634   0.03882   0.03680   0.01437   0.00619   0.04732   0.02457   0.01208   0.07380   0.06115   0.03278   0.08122   0.04694   0.03397   0.00966   0.00590   0.00696   0.00067   0.00298   0.02103   0.16816   0.13215   0.16688   0.16320   0.06859   0.05418   0.23912   0.48750  
 43  1.5170   8907.764224  x:  0.01592   0.01162   0.17105   0.08960   0.54995   0.00461   0.09613   0.02310   0.04430   0.01634   0.03882   0.03681   0.01437   0.00619   0.04734   0.02456   0.01208   0.07394   0.06115   0.03278   0.08111   0.04695   0.03397   0.00966   0.00590   0.00696   0.00067   0.00298   0.02103   0.16809   0.13228   0.16674   0.16312   0.06861   0.05418   0.23910   0.48750  
 44  0.6819   8907.757375  x:  0.01595   0.01161   0.17249   0.08976   0.54998   0.00464   0.09600   0.02314   0.04435   0.01640   0.03886   0.03678   0.01437   0.00620   0.04726   0.02459   0.01204   0.07383   0.06120   0.03279   0.08125   0.04693   0.03395   0.00966   0.00591   0.00696   0.00067   0.00299   0.02103   0.16856   0.13115   0.16690   0.16308   0.06864   0.05423   0.23949   0.48750  
 45  0.2108   8907.436817  x:  0.01700   0.01247   0.17169   0.09004   0.54856   0.00593   0.09618   0.02356   0.04431   0.01851   0.03897   0.03734   0.01414   0.00690   0.05171   0.02412   0.01189   0.07314   0.06121   0.03285   0.07972   0.04696   0.03411   0.00936   0.00649   0.00685   0.00073   0.00339   0.02077   0.17162   0.13266   0.16690   0.16393   0.06774   0.05427   0.23872   0.48749  
 46  0.5014   8907.368564  x:  0.01712   0.01263   0.17178   0.09009   0.54939   0.00568   0.09549   0.02370   0.04431   0.01923   0.03899   0.03703   0.01443   0.00735   0.04956   0.02441   0.01239   0.07356   0.06106   0.03274   0.08049   0.04692   0.03389   0.00926   0.00680   0.00683   0.00076   0.00365   0.02104   0.17064   0.13295   0.16755   0.16389   0.06791   0.05409   0.23723   0.48734  
 47  0.0028   8907.342110  x:  0.01694   0.01259   0.17152   0.09010   0.54993   0.00583   0.09569   0.02346   0.04438   0.01909   0.03903   0.03709   0.01414   0.00753   0.04932   0.02425   0.01159   0.07350   0.06115   0.03283   0.08060   0.04695   0.03403   0.00885   0.00686   0.00688   0.00077   0.00383   0.02074   0.17012   0.13258   0.16763   0.16372   0.06806   0.05419   0.23712   0.48723  
 48  0.0011   8907.311892  x:  0.01667   0.01237   0.17156   0.08977   0.54987   0.00550   0.09633   0.02338   0.04430   0.01858   0.03894   0.03714   0.01428   0.00779   0.05001   0.02431   0.01214   0.07324   0.06119   0.03276   0.08014   0.04696   0.03406   0.00861   0.00685   0.00691   0.00077   0.00414   0.02079   0.17092   0.13222   0.16720   0.16376   0.06802   0.05428   0.23773   0.48737  
 49  0.0008   8907.283398  x:  0.01682   0.01234   0.17187   0.09049   0.54864   0.00532   0.09521   0.02364   0.04421   0.01819   0.03894   0.03716   0.01429   0.00785   0.04985   0.02431   0.01184   0.07367   0.06103   0.03279   0.08064   0.04692   0.03393   0.00890   0.00656   0.00681   0.00073   0.00443   0.02091   0.17048   0.13331   0.16775   0.16410   0.06788   0.05399   0.23793   0.48736  
 50  0.0008   8907.254773  x:  0.01706   0.01255   0.17135   0.08997   0.54995   0.00564   0.09581   0.02353   0.04433   0.01864   0.03901   0.03707   0.01406   0.00771   0.04962   0.02427   0.01205   0.07337   0.06109   0.03277   0.08036   0.04699   0.03403   0.00895   0.00613   0.00687   0.00066   0.00470   0.02074   0.17043   0.13243   0.16732   0.16345   0.06791   0.05416   0.23769   0.48712  
 51  0.0008   8907.240686  x:  0.01669   0.01246   0.17204   0.08993   0.54948   0.00562   0.09609   0.02342   0.04433   0.01899   0.03896   0.03718   0.01449   0.00758   0.04998   0.02434   0.01187   0.07343   0.06123   0.03283   0.08036   0.04688   0.03395   0.00879   0.00606   0.00690   0.00057   0.00481   0.02095   0.17094   0.13272   0.16759   0.16447   0.06813   0.05427   0.23717   0.48774  
 52  0.0006   8907.158251  x:  0.01639   0.01221   0.17142   0.09074   0.54794   0.00549   0.09522   0.02364   0.04424   0.01927   0.03895   0.03708   0.01445   0.00718   0.04968   0.02442   0.01210   0.07364   0.06110   0.03270   0.08053   0.04696   0.03412   0.00806   0.00643   0.00675   0.00011   0.00513   0.02098   0.17024   0.13297   0.16736   0.16305   0.06801   0.05411   0.23772   0.48667  
 53  0.0004   8907.138717  x:  0.01639   0.01220   0.17137   0.09075   0.54792   0.00547   0.09518   0.02367   0.04424   0.01928   0.03895   0.03706   0.01445   0.00712   0.04966   0.02442   0.01211   0.07364   0.06108   0.03269   0.08053   0.04697   0.03411   0.00799   0.00652   0.00675   0.00000   0.00521   0.02098   0.17017   0.13297   0.16733   0.16297   0.06798   0.05410   0.23779   0.48663  
 54  0.0019   8907.117178  x:  0.01669   0.01234   0.17140   0.09034   0.54889   0.00551   0.09546   0.02363   0.04429   0.01894   0.03899   0.03705   0.01433   0.00743   0.04969   0.02435   0.01204   0.07352   0.06108   0.03274   0.08044   0.04697   0.03403   0.00845   0.00648   0.00682   0.00000   0.00489   0.02091   0.17026   0.13275   0.16732   0.16328   0.06792   0.05411   0.23782   0.48697  
 55  0.0019   8907.105393  x:  0.01691   0.01244   0.17143   0.09004   0.54963   0.00553   0.09567   0.02361   0.04432   0.01870   0.03902   0.03705   0.01423   0.00754   0.04970   0.02430   0.01200   0.07342   0.06107   0.03278   0.08038   0.04698   0.03396   0.00842   0.00687   0.00687   0.00000   0.00508   0.02083   0.17034   0.13260   0.16732   0.16354   0.06787   0.05412   0.23787   0.48722  
 56  0.0021   8907.104232  x:  0.01688   0.01247   0.17164   0.09005   0.54957   0.00560   0.09582   0.02351   0.04431   0.01872   0.03898   0.03713   0.01425   0.00757   0.04978   0.02431   0.01198   0.07342   0.06113   0.03279   0.08039   0.04695   0.03399   0.00845   0.00683   0.00686   0.00000   0.00512   0.02083   0.17061   0.13265   0.16745   0.16384   0.06798   0.05417   0.23758   0.48732  
 57  0.0005   8907.104217  x:  0.01687   0.01247   0.17163   0.09004   0.54956   0.00560   0.09582   0.02351   0.04431   0.01872   0.03898   0.03711   0.01425   0.00758   0.04978   0.02431   0.01198   0.07342   0.06113   0.03279   0.08039   0.04695   0.03399   0.00846   0.00683   0.00687   0.00000   0.00513   0.02083   0.17058   0.13263   0.16745   0.16382   0.06798   0.05417   0.23758   0.48732  
 58  0.0000   8907.104216  x:  0.01687   0.01247   0.17163   0.09004   0.54957   0.00560   0.09581   0.02351   0.04431   0.01872   0.03898   0.03712   0.01425   0.00758   0.04978   0.02431   0.01198   0.07342   0.06113   0.03279   0.08039   0.04695   0.03399   0.00846   0.00683   0.00687   0.00000   0.00513   0.02083   0.17058   0.13264   0.16744   0.16382   0.06798   0.05417   0.23758   0.48732  
 59  0.0000   8907.104216  x:  0.01687   0.01247   0.17163   0.09004   0.54957   0.00560   0.09582   0.02351   0.04431   0.01872   0.03898   0.03712   0.01425   0.00758   0.04978   0.02431   0.01198   0.07342   0.06113   0.03279   0.08039   0.04695   0.03399   0.00846   0.00683   0.00687   0.00000   0.00513   0.02083   0.17058   0.13264   0.16745   0.16382   0.06798   0.05417   0.23758   0.48732  
 60  0.0000   8907.104216  x:  0.01687   0.01247   0.17163   0.09004   0.54957   0.00560   0.09582   0.02351   0.04431   0.01872   0.03898   0.03712   0.01425   0.00758   0.04978   0.02431   0.01198   0.07342   0.06113   0.03279   0.08039   0.04695   0.03399   0.00846   0.00683   0.00687   0.00000   0.00513   0.02083   0.17058   0.13264   0.16745   0.16382   0.06798   0.05417   0.23758   0.48732  
 61  0.0000   8907.104216  x:  0.01687   0.01247   0.17163   0.09004   0.54957   0.00560   0.09582   0.02351   0.04431   0.01872   0.03898   0.03712   0.01425   0.00758   0.04978   0.02431   0.01198   0.07342   0.06113   0.03279   0.08039   0.04695   0.03399   0.00846   0.00683   0.00687   0.00000   0.00513   0.02083   0.17058   0.13264   0.16745   0.16382   0.06798   0.05417   0.23758   0.48732  
 62  0.0000   8907.104216  x:  0.01687   0.01247   0.17163   0.09004   0.54957   0.00560   0.09582   0.02351   0.04431   0.01872   0.03898   0.03712   0.01425   0.00758   0.04978   0.02431   0.01198   0.07342   0.06113   0.03279   0.08039   0.04695   0.03399   0.00846   0.00683   0.00687   0.00000   0.00513   0.02083   0.17058   0.13264   0.16745   0.16382   0.06798   0.05417   0.23758   0.48732  
 63  0.0000   8907.104216  x:  0.01687   0.01247   0.17163   0.09004   0.54957   0.00560   0.09582   0.02351   0.04431   0.01872   0.03898   0.03712   0.01425   0.00758   0.04978   0.02431   0.01198   0.07342   0.06113   0.03279   0.08039   0.04695   0.03399   0.00846   0.00683   0.00687   0.00000   0.00513   0.02083   0.17058   0.13264   0.16745   0.16382   0.06798   0.05417   0.23758   0.48732  