

TREE # 1

  0  0.0000  25488.329651  x:  0.03136   0.01334   0.17797   0.12998   0.08664   0.01691   0.07218   0.04000   0.05949   0.04008   0.04776   0.04551   0.01617   0.02506   0.04624   0.03082   0.00000   0.07539   0.07460   0.03800   0.10558   0.06551   0.02437   0.01854   0.02281   0.03073   0.02195   0.02288   0.04612   0.07176   0.04529   0.02740   0.03279   0.07851   0.11351   0.15659   0.14247   0.07080   0.07640   0.54345   0.40652  
  1 99.0000  25464.083809  x:  0.03085   0.01289   0.17914   0.13128   0.08729   0.01539   0.07127   0.04001   0.05995   0.03733   0.04762   0.04357   0.01414   0.02380   0.04872   0.03053   0.02895   0.07537   0.07443   0.03908   0.10776   0.06427   0.02407   0.01673   0.02289   0.02848   0.01755   0.01878   0.04502   0.07259   0.04301   0.02552   0.03027   0.07794   0.11453   0.15766   0.14430   0.07252   0.07643   0.53939   0.40656  
  2 7131.4845  25408.838337  x:  0.02921   0.01154   0.18320   0.13580   0.08948   0.01104   0.06822   0.04007   0.06147   0.02828   0.04725   0.03723   0.00890   0.02024   0.05656   0.02780   0.02760   0.07383   0.07371   0.04256   0.11406   0.06006   0.02315   0.01201   0.02325   0.02144   0.00347   0.00588   0.04137   0.07423   0.03554   0.01992   0.02227   0.07597   0.11777   0.16142   0.15055   0.07813   0.07650   0.52475   0.40671  
  3 2572.2273  25375.614168  x:  0.02650   0.00974   0.18973   0.14302   0.09293   0.00782   0.06376   0.04035   0.06368   0.01633   0.04709   0.02861   0.00920   0.01748   0.06712   0.02419   0.02685   0.07147   0.07264   0.04674   0.12371   0.05392   0.02258   0.00952   0.02405   0.01381   0.01353   0.00607   0.03661   0.07680   0.02538   0.01480   0.01337   0.07310   0.12278   0.16745   0.16039   0.08621   0.07647   0.49958   0.40697  
  4 3216.0286  25331.906002  x:  0.02152   0.00784   0.20215   0.15661   0.09904   0.01305   0.05694   0.04142   0.06731   0.01158   0.04802   0.01992   0.01554   0.01956   0.08256   0.02019   0.02665   0.06746   0.07094   0.05129   0.14071   0.04479   0.02385   0.01855   0.02541   0.01720   0.00691   0.01819   0.03129   0.08137   0.01609   0.01965   0.01855   0.06881   0.13167   0.17887   0.17856   0.09901   0.07600   0.44615   0.40752  
  5 3181.2817  25264.966447  x:  0.01462   0.00648   0.22463   0.18034   0.10784   0.01281   0.04903   0.04342   0.07244   0.03467   0.05105   0.02657   0.01203   0.02252   0.10379   0.01916   0.02602   0.06167   0.06884   0.05454   0.16899   0.03593   0.02646   0.01725   0.02576   0.02201   0.01254   0.01338   0.02981   0.08866   0.03034   0.02338   0.02312   0.06420   0.14644   0.19952   0.21064   0.11790   0.07441   0.33543   0.40870  
  6 4434.8687  25232.807224  x:  0.01952   0.00750   0.23274   0.18748   0.10693   0.01138   0.05752   0.04233   0.06997   0.02478   0.05089   0.03401   0.01603   0.02211   0.10010   0.02554   0.02589   0.06382   0.07040   0.04807   0.17486   0.05113   0.02659   0.01500   0.02360   0.02229   0.01115   0.01395   0.04126   0.08805   0.03068   0.02228   0.02364   0.06784   0.14882   0.20689   0.22125   0.11726   0.07257   0.26999   0.40951  
  7 2174.8893  25227.757761  x:  0.01787   0.00521   0.23330   0.18687   0.10479   0.01312   0.05906   0.04223   0.06871   0.02455   0.05012   0.03091   0.01032   0.02211   0.09330   0.02294   0.02599   0.06541   0.07150   0.04663   0.17254   0.04956   0.02435   0.01688   0.02493   0.02255   0.01181   0.01393   0.03779   0.08617   0.02961   0.02279   0.02325   0.06961   0.14704   0.20700   0.22123   0.11326   0.07240   0.25607   0.40989  
  8 735.2392  25226.210388  x:  0.01728   0.00655   0.23359   0.18629   0.10341   0.01256   0.05867   0.04238   0.06836   0.02562   0.05000   0.02924   0.01386   0.02231   0.08920   0.02176   0.02610   0.06608   0.07199   0.04688   0.17067   0.04698   0.02418   0.01628   0.02509   0.02201   0.01154   0.01290   0.03506   0.08522   0.02927   0.02256   0.02266   0.07017   0.14579   0.20689   0.22092   0.11073   0.07259   0.25042   0.41020  
  9 573.4050  25225.894310  x:  0.01793   0.00724   0.23402   0.18604   0.10292   0.01194   0.05731   0.04261   0.06874   0.02547   0.05040   0.02955   0.01317   0.02206   0.08770   0.02269   0.02610   0.06592   0.07194   0.04803   0.16963   0.04542   0.02575   0.01584   0.02461   0.02162   0.01125   0.01378   0.03510   0.08523   0.02897   0.02235   0.02278   0.06975   0.14526   0.20705   0.22100   0.10973   0.07300   0.24916   0.41052  
 10 175.3714  25225.827516  x:  0.01805   0.00656   0.23443   0.18594   0.10284   0.01236   0.05666   0.04274   0.06908   0.02518   0.05060   0.02977   0.01339   0.02212   0.08718   0.02289   0.02611   0.06567   0.07180   0.04857   0.16905   0.04514   0.02592   0.01605   0.02477   0.02168   0.01137   0.01332   0.03554   0.08541   0.02898   0.02235   0.02276   0.06938   0.14502   0.20724   0.22121   0.10936   0.07331   0.24895   0.41082  
 11 85.1707  25225.793898  x:  0.01801   0.00697   0.23529   0.18594   0.10283   0.01232   0.05635   0.04282   0.06947   0.02506   0.05068   0.02968   0.01329   0.02217   0.08690   0.02264   0.02613   0.06534   0.07156   0.04879   0.16830   0.04549   0.02540   0.01605   0.02489   0.02182   0.01139   0.01331   0.03572   0.08573   0.02908   0.02245   0.02272   0.06898   0.14478   0.20763   0.22168   0.10907   0.07368   0.24900   0.41143  
 12 44.1623  25225.771130  x:  0.01787   0.00657   0.23623   0.18593   0.10286   0.01216   0.05651   0.04279   0.06964   0.02523   0.05064   0.02960   0.01335   0.02209   0.08680   0.02263   0.02613   0.06524   0.07145   0.04868   0.16757   0.04577   0.02542   0.01591   0.02467   0.02170   0.01130   0.01352   0.03551   0.08599   0.02908   0.02237   0.02272   0.06885   0.14460   0.20807   0.22222   0.10887   0.07388   0.24915   0.41225  
 13 44.8533  25225.749563  x:  0.01791   0.00675   0.23734   0.18594   0.10292   0.01237   0.05686   0.04269   0.06954   0.02524   0.05055   0.02962   0.01332   0.02210   0.08686   0.02279   0.02614   0.06538   0.07148   0.04843   0.16683   0.04567   0.02575   0.01610   0.02474   0.02167   0.01138   0.01331   0.03535   0.08611   0.02895   0.02233   0.02273   0.06901   0.14447   0.20856   0.22286   0.10874   0.07388   0.24938   0.41347  
 14 49.6949  25225.734750  x:  0.01793   0.00664   0.23802   0.18590   0.10291   0.01217   0.05689   0.04265   0.06927   0.02511   0.05053   0.02973   0.01333   0.02218   0.08693   0.02270   0.02614   0.06564   0.07164   0.04840   0.16645   0.04532   0.02562   0.01595   0.02492   0.02177   0.01135   0.01338   0.03555   0.08595   0.02903   0.02245   0.02273   0.06928   0.14443   0.20880   0.22322   0.10872   0.07368   0.24954   0.41476  
 15 37.6796  25225.714559  x:  0.01786   0.00669   0.23854   0.18577   0.10283   0.01244   0.05657   0.04277   0.06896   0.02519   0.05060   0.02968   0.01334   0.02201   0.08696   0.02262   0.02614   0.06586   0.07186   0.04860   0.16629   0.04540   0.02544   0.01601   0.02454   0.02164   0.01132   0.01344   0.03575   0.08549   0.02910   0.02228   0.02269   0.06948   0.14448   0.20885   0.22342   0.10881   0.07332   0.24963   0.41725  
 16 35.3727  25225.659173  x:  0.01782   0.00663   0.23915   0.18533   0.10252   0.01203   0.05606   0.04303   0.06873   0.02529   0.05074   0.02946   0.01330   0.02223   0.08687   0.02290   0.02614   0.06588   0.07199   0.04891   0.16637   0.04613   0.02566   0.01616   0.02475   0.02189   0.01144   0.01322   0.03542   0.08459   0.02886   0.02237   0.02284   0.06940   0.14467   0.20857   0.22349   0.10911   0.07282   0.24969   0.42496  
 17 80.9668  25225.508961  x:  0.01811   0.00669   0.23965   0.18439   0.10198   0.01288   0.05645   0.04306   0.06916   0.02514   0.05076   0.02985   0.01331   0.02216   0.08653   0.02302   0.02614   0.06524   0.07158   0.04864   0.16703   0.04605   0.02567   0.01541   0.02545   0.02149   0.01124   0.01359   0.03495   0.08375   0.02911   0.02258   0.02258   0.06875   0.14505   0.20755   0.22312   0.10973   0.07276   0.24963   0.44685  
 18 216.2381  25225.342272  x:  0.01820   0.00673   0.23958   0.18365   0.10163   0.01218   0.05718   0.04269   0.06975   0.02499   0.05056   0.02990   0.01336   0.02198   0.08624   0.02272   0.02614   0.06478   0.07116   0.04818   0.16778   0.04522   0.02552   0.01643   0.02479   0.02150   0.01129   0.01341   0.03550   0.08407   0.02932   0.02231   0.02262   0.06844   0.14525   0.20653   0.22251   0.11004   0.07328   0.24948   0.47131  
 19 564.3919  25225.247311  x:  0.01799   0.00677   0.23885   0.18380   0.10193   0.01243   0.05712   0.04249   0.06977   0.02509   0.05042   0.02942   0.01327   0.02225   0.08636   0.02271   0.02611   0.06523   0.07135   0.04832   0.16804   0.04518   0.02561   0.01571   0.02434   0.02207   0.01144   0.01318   0.03587   0.08544   0.02885   0.02232   0.02290   0.06898   0.14507   0.20634   0.22209   0.10964   0.07384   0.24938   0.48511  
 20 308.7254  25225.185051  x:  0.01799   0.00675   0.23787   0.18438   0.10235   0.01233   0.05672   0.04258   0.06951   0.02526   0.05051   0.02960   0.01333   0.02207   0.08667   0.02273   0.02608   0.06577   0.07170   0.04859   0.16799   0.04551   0.02558   0.01604   0.02489   0.02166   0.01131   0.01340   0.03569   0.08667   0.02893   0.02235   0.02260   0.06954   0.14476   0.20662   0.22182   0.10899   0.07412   0.24930   0.49411  
 21 234.6617  25225.162526  x:  0.01812   0.00673   0.23706   0.18512   0.10252   0.01231   0.05667   0.04282   0.06932   0.02493   0.05063   0.02981   0.01331   0.02215   0.08694   0.02255   0.02609   0.06568   0.07172   0.04851   0.16768   0.04550   0.02557   0.01603   0.02463   0.02167   0.01136   0.01330   0.03532   0.08663   0.02913   0.02240   0.02283   0.06934   0.14452   0.20722   0.22181   0.10856   0.07392   0.24931   0.49715  
 22 61.0730  25225.144116  x:  0.01795   0.00673   0.23615   0.18596   0.10255   0.01230   0.05679   0.04288   0.06925   0.02511   0.05062   0.02963   0.01332   0.02209   0.08713   0.02268   0.02610   0.06547   0.07163   0.04838   0.16726   0.04542   0.02560   0.01602   0.02475   0.02180   0.01133   0.01336   0.03560   0.08622   0.02902   0.02228   0.02264   0.06904   0.14430   0.20798   0.22187   0.10825   0.07368   0.24934   0.49944  
 23 56.5993  25225.138230  x:  0.01789   0.00674   0.23584   0.18623   0.10242   0.01229   0.05680   0.04267   0.06938   0.02514   0.05054   0.02962   0.01331   0.02212   0.08706   0.02270   0.02611   0.06550   0.07159   0.04848   0.16711   0.04544   0.02557   0.01601   0.02473   0.02157   0.01135   0.01331   0.03566   0.08602   0.02897   0.02246   0.02276   0.06914   0.14431   0.20828   0.22194   0.10839   0.07377   0.24938   0.49996  
 24 17.7065  25225.131087  x:  0.01792   0.00673   0.23553   0.18645   0.10221   0.01232   0.05678   0.04250   0.06958   0.02509   0.05048   0.02971   0.01332   0.02210   0.08689   0.02267   0.02611   0.06560   0.07157   0.04860   0.16696   0.04549   0.02558   0.01602   0.02473   0.02177   0.01133   0.01335   0.03554   0.08586   0.02903   0.02230   0.02269   0.06937   0.14438   0.20861   0.22207   0.10871   0.07395   0.24943   0.50034  
 25 17.1237  25225.108441  x:  0.01800   0.00675   0.23501   0.18643   0.10185   0.01231   0.05680   0.04330   0.06960   0.02509   0.05068   0.02955   0.01331   0.02212   0.08630   0.02274   0.02610   0.06579   0.07167   0.04826   0.16673   0.04543   0.02554   0.01601   0.02471   0.02169   0.01133   0.01332   0.03562   0.08613   0.02902   0.02238   0.02267   0.06948   0.14473   0.20911   0.22240   0.10951   0.07408   0.24956   0.50062  
 26  8.2449  25225.001874  x:  0.01725   0.00697   0.23384   0.18534   0.10163   0.01233   0.05663   0.04258   0.06847   0.02497   0.05081   0.03003   0.01329   0.02196   0.08504   0.02225   0.02609   0.06557   0.07190   0.04812   0.16617   0.04555   0.02582   0.01593   0.02490   0.02162   0.01131   0.01328   0.03569   0.08725   0.02877   0.02213   0.02290   0.06863   0.14557   0.20982   0.22318   0.11048   0.07318   0.24975   0.50080  
 27 13.6965  25224.748152  x:  0.01869   0.00692   0.23204   0.18297   0.10195   0.01242   0.05683   0.04144   0.06766   0.02510   0.05023   0.02915   0.01326   0.02247   0.08429   0.02308   0.02605   0.06519   0.07190   0.04875   0.16529   0.04555   0.02525   0.01610   0.02440   0.02171   0.01122   0.01330   0.03537   0.08823   0.02929   0.02270   0.02197   0.06808   0.14651   0.21057   0.22437   0.11068   0.07185   0.24998   0.50075  
 28 46.5105  25223.242572  x:  0.01932   0.00742   0.22529   0.17209   0.10443   0.01221   0.05866   0.04314   0.07020   0.02499   0.04876   0.02898   0.01332   0.02010   0.08496   0.02278   0.02586   0.06506   0.07068   0.05076   0.16198   0.04569   0.02474   0.01564   0.02555   0.02167   0.01136   0.01287   0.03555   0.08701   0.02877   0.02145   0.02434   0.07021   0.14767   0.21121   0.22806   0.10705   0.07039   0.25110   0.49952  
 29 73.7432  25221.554611  x:  0.01669   0.00828   0.22003   0.16369   0.10551   0.01239   0.05873   0.04394   0.07189   0.02424   0.04961   0.03056   0.01296   0.02403   0.08566   0.02198   0.02569   0.06581   0.07032   0.04981   0.15927   0.04625   0.02595   0.01595   0.02442   0.02097   0.01072   0.01308   0.03598   0.08468   0.02835   0.02173   0.02154   0.07175   0.14716   0.21040   0.22995   0.10331   0.07181   0.25271   0.49789  
 30 261.4327  25217.506127  x:  0.01708   0.00859   0.21479   0.15730   0.10234   0.01234   0.05542   0.04043   0.06940   0.02256   0.05346   0.02919   0.01301   0.01920   0.08486   0.02412   0.02511   0.06834   0.07270   0.04325   0.15569   0.04696   0.02558   0.01534   0.02387   0.02216   0.01051   0.01186   0.03556   0.08084   0.02889   0.02419   0.02045   0.07051   0.14196   0.20529   0.22762   0.09819   0.07895   0.25762   0.49366  
 31 190.1875  25212.466689  x:  0.02216   0.00821   0.21257   0.15755   0.09670   0.01246   0.05687   0.03964   0.06494   0.02302   0.05303   0.02803   0.01243   0.02324   0.08030   0.02406   0.02444   0.06979   0.07526   0.04299   0.15194   0.04790   0.02359   0.01490   0.02579   0.01926   0.00978   0.01164   0.03629   0.07928   0.02788   0.01787   0.02353   0.06842   0.13449   0.19743   0.21951   0.09438   0.08324   0.26431   0.48821  
 32 379.0824  25207.343440  x:  0.02264   0.00816   0.21311   0.16249   0.09217   0.01212   0.06251   0.04309   0.06268   0.02200   0.04834   0.02992   0.01219   0.02085   0.07215   0.02223   0.02380   0.06939   0.07554   0.04901   0.14739   0.04952   0.02504   0.01458   0.02453   0.02021   0.00924   0.01055   0.03669   0.08023   0.02645   0.02131   0.02015   0.06898   0.12787   0.18858   0.20614   0.09194   0.08074   0.27142   0.48249  
 33 529.5701  25205.921454  x:  0.02047   0.00840   0.21435   0.16473   0.09359   0.01192   0.06148   0.04254   0.06537   0.02007   0.04869   0.02913   0.01210   0.02111   0.06889   0.02521   0.02358   0.06896   0.07364   0.04752   0.14449   0.04930   0.02407   0.01451   0.02468   0.01984   0.00893   0.01037   0.03615   0.08140   0.02809   0.02029   0.02059   0.07166   0.12857   0.18671   0.19879   0.09171   0.07622   0.27313   0.48091  
 34 278.4882  25205.510840  x:  0.02235   0.00817   0.21499   0.16511   0.09488   0.01184   0.06049   0.04183   0.06673   0.02084   0.04975   0.02949   0.01204   0.02104   0.06825   0.02371   0.02357   0.06904   0.07282   0.04611   0.14268   0.04952   0.02425   0.01441   0.02460   0.01978   0.00891   0.01022   0.03639   0.08144   0.02659   0.02043   0.02024   0.07248   0.12998   0.18691   0.19496   0.09189   0.07473   0.27331   0.48045  
 35 181.5910  25205.386128  x:  0.02233   0.00817   0.21544   0.16449   0.09551   0.01183   0.06077   0.04190   0.06636   0.02061   0.04959   0.02891   0.01205   0.02104   0.06887   0.02331   0.02357   0.06950   0.07316   0.04649   0.14118   0.04965   0.02483   0.01439   0.02476   0.01970   0.00888   0.01025   0.03658   0.08113   0.02728   0.02042   0.02029   0.07186   0.13162   0.18796   0.19189   0.09224   0.07568   0.27298   0.48031  
 36 68.5021  25205.359680  x:  0.02220   0.00818   0.21558   0.16422   0.09551   0.01181   0.06087   0.04198   0.06618   0.02069   0.04953   0.02930   0.01205   0.02104   0.06911   0.02370   0.02356   0.06954   0.07327   0.04664   0.14088   0.04952   0.02437   0.01441   0.02465   0.01976   0.00889   0.01024   0.03640   0.08108   0.02691   0.02042   0.02028   0.07168   0.13202   0.18841   0.19101   0.09230   0.07600   0.27288   0.48028  
 37 56.5569  25205.354306  x:  0.02220   0.00818   0.21571   0.16394   0.09513   0.01184   0.06078   0.04200   0.06612   0.02069   0.04944   0.02929   0.01205   0.02104   0.06921   0.02367   0.02356   0.06929   0.07323   0.04657   0.14120   0.04953   0.02440   0.01441   0.02466   0.01976   0.00889   0.01024   0.03642   0.08118   0.02692   0.02041   0.02028   0.07187   0.13187   0.18902   0.19063   0.09218   0.07595   0.27291   0.48027  
 38 10.9576  25205.353346  x:  0.02219   0.00819   0.21576   0.16388   0.09518   0.01184   0.06086   0.04198   0.06618   0.02069   0.04956   0.02927   0.01205   0.02103   0.06913   0.02368   0.02355   0.06940   0.07324   0.04662   0.14136   0.04953   0.02439   0.01441   0.02466   0.01976   0.00889   0.01024   0.03641   0.08116   0.02692   0.02041   0.02028   0.07180   0.13176   0.18921   0.19056   0.09218   0.07592   0.27294   0.48027  
 39  4.5608  25205.352563  x:  0.02220   0.00819   0.21578   0.16385   0.09532   0.01183   0.06080   0.04199   0.06618   0.02068   0.04940   0.02930   0.01205   0.02104   0.06905   0.02368   0.02355   0.06945   0.07325   0.04656   0.14144   0.04953   0.02439   0.01441   0.02466   0.01975   0.00889   0.01024   0.03642   0.08112   0.02692   0.02041   0.02028   0.07176   0.13168   0.18929   0.19054   0.09221   0.07594   0.27295   0.48026  
 40  1.8615  25205.337072  x:  0.02221   0.00820   0.21579   0.16379   0.09597   0.01179   0.06090   0.04200   0.06574   0.02070   0.04970   0.02926   0.01204   0.02103   0.06883   0.02373   0.02354   0.06881   0.07318   0.04667   0.14146   0.04954   0.02439   0.01440   0.02466   0.01975   0.00888   0.01022   0.03642   0.08094   0.02691   0.02040   0.02028   0.07219   0.13133   0.18937   0.19050   0.09256   0.07625   0.27292   0.48024  
 41  1.0136  25203.826448  x:  0.02251   0.00837   0.21581   0.16224   0.09574   0.01139   0.06195   0.04161   0.06777   0.02100   0.04929   0.03039   0.01175   0.02084   0.07403   0.02459   0.02151   0.06943   0.07562   0.04571   0.13844   0.05142   0.02442   0.01373   0.02441   0.01966   0.00792   0.00933   0.03763   0.08200   0.02786   0.02010   0.02009   0.07212   0.12421   0.18905   0.19001   0.09985   0.07317   0.26973   0.47722  
 42  2.5394  25201.159748  x:  0.02334   0.00837   0.21870   0.16603   0.09623   0.01044   0.06414   0.04161   0.06464   0.02145   0.04917   0.03218   0.01110   0.02041   0.07419   0.02588   0.01791   0.07202   0.07051   0.04486   0.14385   0.05494   0.02409   0.01246   0.02401   0.01935   0.00619   0.00753   0.03969   0.08095   0.02922   0.01941   0.01959   0.07378   0.13228   0.19158   0.19395   0.09754   0.07401   0.26878   0.47204  
 43 77.3880  25200.991614  x:  0.02342   0.00836   0.21904   0.16661   0.09659   0.01035   0.06448   0.04147   0.06569   0.02145   0.04904   0.03232   0.01105   0.02039   0.07369   0.02595   0.01768   0.07067   0.07382   0.04462   0.14463   0.05517   0.02409   0.01238   0.02398   0.01932   0.00607   0.00740   0.03982   0.08074   0.02927   0.01936   0.01952   0.07400   0.13376   0.19190   0.19442   0.09671   0.07405   0.26899   0.47170  
 44 76.2853  25197.256241  x:  0.02348   0.00823   0.21953   0.16739   0.09641   0.01066   0.06442   0.04152   0.06580   0.02437   0.04885   0.03315   0.00955   0.02031   0.07166   0.02653   0.00911   0.07079   0.07354   0.04522   0.14500   0.05602   0.02380   0.01289   0.02417   0.01980   0.00688   0.01037   0.03970   0.08140   0.03107   0.01966   0.02044   0.07430   0.13604   0.19229   0.19434   0.09434   0.07497   0.26773   0.47056  
 45  0.0060  25196.368677  x:  0.02307   0.00812   0.21854   0.16637   0.09614   0.01123   0.06322   0.04168   0.06598   0.02390   0.04910   0.03249   0.01089   0.02078   0.07095   0.02604   0.00684   0.07067   0.07336   0.04549   0.14394   0.05439   0.02404   0.01357   0.02435   0.02007   0.00768   0.00883   0.03882   0.08180   0.03053   0.02011   0.02070   0.07350   0.13485   0.19163   0.19364   0.09408   0.07524   0.26838   0.47324  
 46  0.0080  25196.142970  x:  0.02274   0.00814   0.21819   0.16609   0.09612   0.01129   0.06250   0.04177   0.06606   0.02279   0.04935   0.03179   0.01146   0.02095   0.07093   0.02553   0.00796   0.07046   0.07342   0.04551   0.14368   0.05287   0.02425   0.01360   0.02437   0.02001   0.00753   0.00892   0.03825   0.08181   0.02954   0.02022   0.02043   0.07297   0.13401   0.19128   0.19343   0.09428   0.07516   0.26906   0.47465  
 47  0.0046  25196.110238  x:  0.02269   0.00818   0.21831   0.16621   0.09617   0.01120   0.06251   0.04176   0.06603   0.02236   0.04936   0.03158   0.01135   0.02089   0.07110   0.02549   0.00751   0.07048   0.07345   0.04546   0.14385   0.05258   0.02428   0.01350   0.02434   0.01993   0.00733   0.00909   0.03823   0.08180   0.02916   0.02016   0.02034   0.07296   0.13399   0.19130   0.19354   0.09446   0.07505   0.26916   0.47455  
 48  0.0012  25196.107394  x:  0.02270   0.00818   0.21843   0.16633   0.09620   0.01120   0.06259   0.04175   0.06603   0.02231   0.04931   0.03148   0.01127   0.02085   0.07118   0.02551   0.00751   0.07048   0.07345   0.04548   0.14400   0.05262   0.02426   0.01353   0.02433   0.01991   0.00741   0.00902   0.03826   0.08180   0.02906   0.02014   0.02038   0.07301   0.13416   0.19140   0.19370   0.09449   0.07505   0.26916   0.47441  
 49  0.0006  25196.107262  x:  0.02270   0.00817   0.21844   0.16634   0.09620   0.01120   0.06261   0.04174   0.06603   0.02232   0.04930   0.03146   0.01128   0.02084   0.07119   0.02553   0.00751   0.07048   0.07345   0.04549   0.14401   0.05266   0.02425   0.01353   0.02434   0.01990   0.00741   0.00904   0.03827   0.08181   0.02906   0.02012   0.02036   0.07303   0.13420   0.19141   0.19371   0.09449   0.07506   0.26916   0.47435  
 50  0.0001  25196.107259  x:  0.02271   0.00817   0.21843   0.16633   0.09620   0.01119   0.06261   0.04174   0.06603   0.02232   0.04930   0.03146   0.01128   0.02084   0.07119   0.02553   0.00751   0.07049   0.07345   0.04549   0.14400   0.05267   0.02425   0.01353   0.02434   0.01990   0.00741   0.00904   0.03827   0.08181   0.02905   0.02012   0.02036   0.07302   0.13419   0.19141   0.19370   0.09449   0.07506   0.26916   0.47435  
 51  0.0000  25196.107259  x:  0.02271   0.00817   0.21843   0.16633   0.09620   0.01119   0.06261   0.04174   0.06603   0.02232   0.04930   0.03146   0.01128   0.02084   0.07119   0.02553   0.00751   0.07049   0.07345   0.04549   0.14400   0.05267   0.02425   0.01353   0.02434   0.01990   0.00741   0.00904   0.03827   0.08181   0.02905   0.02012   0.02036   0.07302   0.13419   0.19141   0.19370   0.09449   0.07506   0.26916   0.47434  
 52  0.0000  25196.107259  x:  0.02271   0.00817   0.21843   0.16633   0.09620   0.01120   0.06261   0.04174   0.06603   0.02232   0.04930   0.03146   0.01128   0.02084   0.07119   0.02553   0.00751   0.07049   0.07345   0.04549   0.14400   0.05267   0.02425   0.01353   0.02434   0.01990   0.00741   0.00904   0.03827   0.08181   0.02905   0.02012   0.02036   0.07302   0.13419   0.19141   0.19370   0.09449   0.07506   0.26916   0.47434  
 53  0.0000  25196.107259  x:  0.02271   0.00817   0.21843   0.16633   0.09620   0.01120   0.06261   0.04174   0.06603   0.02232   0.04930   0.03146   0.01128   0.02084   0.07119   0.02553   0.00751   0.07049   0.07345   0.04549   0.14400   0.05267   0.02425   0.01353   0.02434   0.01990   0.00741   0.00904   0.03827   0.08181   0.02905   0.02012   0.02036   0.07302   0.13419   0.19141   0.19370   0.09449   0.07506   0.26916   0.47434  
 54  0.0000  25196.107259  x:  0.02271   0.00817   0.21843   0.16633   0.09620   0.01120   0.06261   0.04174   0.06603   0.02232   0.04930   0.03146   0.01128   0.02084   0.07119   0.02553   0.00751   0.07049   0.07345   0.04549   0.14400   0.05267   0.02425   0.01353   0.02434   0.01990   0.00741   0.00904   0.03827   0.08181   0.02905   0.02012   0.02036   0.07302   0.13419   0.19141   0.19370   0.09449   0.07506   0.26916   0.47434  
 55  0.0000  25196.107259  x:  0.02271   0.00817   0.21843   0.16633   0.09620   0.01120   0.06261   0.04174   0.06603   0.02232   0.04930   0.03146   0.01128   0.02084   0.07119   0.02553   0.00751   0.07049   0.07345   0.04549   0.14400   0.05267   0.02425   0.01353   0.02434   0.01990   0.00741   0.00904   0.03827   0.08181   0.02905   0.02012   0.02036   0.07302   0.13419   0.19141   0.19370   0.09449   0.07506   0.26916   0.47434  
 56  0.0000  25196.107259  x:  0.02271   0.00817   0.21843   0.16633   0.09620   0.01120   0.06261   0.04174   0.06603   0.02232   0.04930   0.03146   0.01128   0.02084   0.07119   0.02553   0.00751   0.07049   0.07345   0.04549   0.14400   0.05267   0.02425   0.01353   0.02434   0.01990   0.00741   0.00904   0.03827   0.08181   0.02905   0.02012   0.02036   0.07302   0.13419   0.19141   0.19370   0.09449   0.07506   0.26916   0.47434  
check convergence!
