

TREE # 1

  0  0.0000   7012.335533  x:  0.01364   0.01680   0.16291   0.08906   0.50306   0.00000   0.09466   0.02826   0.04482   0.01042   0.03740   0.03527   0.01727   0.01828   0.04263   0.01499   0.01877   0.06942   0.05913   0.04539   0.07006   0.04925   0.04176   0.00991   0.00993   0.01417   0.01344   0.01547   0.02865   0.14352   0.14758   0.13845   0.14745   0.06496   0.07270   1.02359   1.02870  
  1 99.0000   6989.407902  x:  0.01966   0.01587   0.16417   0.08974   0.50386   0.00711   0.09585   0.02728   0.04310   0.02371   0.03541   0.03722   0.01392   0.00703   0.04577   0.02102   0.01672   0.07040   0.05938   0.04148   0.07233   0.04863   0.03814   0.00988   0.00671   0.00645   0.00000   0.00167   0.02691   0.14550   0.14756   0.13991   0.14816   0.06491   0.07131   1.03326   1.02129  
  2 997.9485   6986.303329  x:  0.02119   0.01543   0.16469   0.08987   0.50418   0.00809   0.09632   0.02685   0.04234   0.02612   0.03464   0.03791   0.01308   0.00335   0.04685   0.02258   0.01603   0.07079   0.05949   0.03993   0.07324   0.04840   0.03673   0.00943   0.00725   0.00501   0.00335   0.00000   0.02632   0.14632   0.14754   0.14051   0.14844   0.06489   0.07074   1.03757   1.01795  
  3 969.5284   6963.797221  x:  0.03047   0.00849   0.17251   0.09013   0.50875   0.00000   0.10265   0.02103   0.03117   0.02569   0.02478   0.04595   0.01065   0.00382   0.05936   0.03281   0.00885   0.07615   0.06131   0.01914   0.08607   0.04576   0.01844   0.01700   0.00676   0.02142   0.00509   0.00000   0.02045   0.15849   0.14708   0.14911   0.15235   0.06483   0.06260   1.10543   0.96479  
  4 791.2125   6896.913040  x:  0.03464   0.00299   0.19703   0.09536   0.52492   0.00920   0.11947   0.02823   0.01742   0.00505   0.01892   0.05913   0.02830   0.01302   0.08447   0.03794   0.02379   0.08988   0.06720   0.01852   0.11868   0.04335   0.02236   0.00316   0.01331   0.00536   0.00218   0.00000   0.02478   0.19434   0.14573   0.17344   0.16357   0.06607   0.04325   1.34052   0.77504  
  5 1669.1934   6872.331419  x:  0.03361   0.00268   0.20845   0.09752   0.53277   0.01075   0.12664   0.03229   0.01716   0.00796   0.01955   0.06376   0.03475   0.01634   0.09447   0.03734   0.02938   0.09555   0.06966   0.02266   0.13267   0.04297   0.02688   0.00909   0.01433   0.00060   0.00286   0.01153   0.02749   0.21068   0.14507   0.18441   0.16864   0.06686   0.03645   1.45599   0.68066  
  6 12313.2190   6837.889471  x:  0.03006   0.00426   0.23329   0.10275   0.55024   0.01976   0.14169   0.04330   0.02098   0.01916   0.02412   0.07236   0.04854   0.01582   0.11476   0.03445   0.04362   0.10727   0.07480   0.03801   0.16195   0.04288   0.04227   0.01391   0.01720   0.01367   0.00409   0.02940   0.03489   0.24590   0.14365   0.20794   0.17956   0.06880   0.02385   1.71226   0.47019  
  7 41910.0619   6788.435079  x:  0.01856   0.00515   0.24396   0.10211   0.56066   0.00676   0.14370   0.04253   0.03876   0.02288   0.03100   0.06852   0.03981   0.00117   0.11646   0.02331   0.03624   0.10780   0.07383   0.04100   0.16908   0.04494   0.04314   0.01136   0.01017   0.01058   0.00000   0.01835   0.03214   0.26013   0.14309   0.21656   0.18388   0.07152   0.05020   1.87183   0.33452  
  8 3899.3214   6777.539839  x:  0.01411   0.00750   0.24479   0.10138   0.56461   0.00607   0.13997   0.04069   0.04420   0.03585   0.03421   0.06230   0.02740   0.01915   0.11075   0.01917   0.02741   0.10421   0.07147   0.04380   0.16457   0.04652   0.04381   0.00890   0.00861   0.00813   0.00000   0.00433   0.02972   0.26032   0.14351   0.21599   0.18393   0.07166   0.05640   1.92846   0.28915  
  9 2098.3505   6774.015943  x:  0.01293   0.00761   0.24379   0.10106   0.56559   0.00612   0.13755   0.04023   0.04238   0.03537   0.03418   0.05927   0.02411   0.01800   0.10694   0.01847   0.02506   0.10231   0.07057   0.04522   0.16095   0.04687   0.04478   0.01243   0.00998   0.00783   0.00000   0.00075   0.03002   0.25845   0.14393   0.21454   0.18345   0.07114   0.05294   1.93994   0.28427  
 10 687.1478   6772.836844  x:  0.01263   0.00762   0.24354   0.10098   0.56585   0.00615   0.13692   0.04010   0.04189   0.03519   0.03416   0.05849   0.02324   0.01772   0.10595   0.01830   0.02444   0.10181   0.07034   0.04557   0.16001   0.04696   0.04502   0.01321   0.01032   0.00776   0.00054   0.00000   0.03008   0.25798   0.14404   0.21416   0.18333   0.07100   0.05207   1.94301   0.28293  
 11 15331.9518   6772.836844  x:  0.01263   0.00762   0.24354   0.10098   0.56585   0.00615   0.13692   0.04010   0.04189   0.03519   0.03416   0.05849   0.02324   0.01772   0.10595   0.01830   0.02444   0.10181   0.07034   0.04557   0.16001   0.04696   0.04502   0.01321   0.01032   0.00776   0.00054   0.00000   0.03008   0.25798   0.14404   0.21416   0.18333   0.07100   0.05207   1.94301   0.28293  
 12 14522.8160   6771.686516  x:  0.01262   0.00754   0.24337   0.10090   0.56587   0.00591   0.13667   0.03991   0.04181   0.03484   0.03408   0.05825   0.02287   0.01705   0.10561   0.01832   0.02407   0.10162   0.07024   0.04532   0.15963   0.04697   0.04477   0.01308   0.01001   0.00766   0.00342   0.00119   0.02994   0.25771   0.14408   0.21397   0.18326   0.07099   0.05228   1.94311   0.28322  
 13 1648.1405   6768.148962  x:  0.01259   0.00724   0.24273   0.10062   0.56593   0.00505   0.13575   0.03921   0.04151   0.03358   0.03378   0.05737   0.02151   0.01456   0.10432   0.01838   0.02272   0.10091   0.06987   0.04440   0.15820   0.04701   0.04385   0.01256   0.00903   0.00731   0.00404   0.00000   0.02944   0.25670   0.14421   0.21324   0.18300   0.07093   0.05305   1.94348   0.28428  
 14 826.3310   6757.957807  x:  0.01407   0.01016   0.23651   0.09963   0.56668   0.00528   0.12754   0.03619   0.04089   0.02693   0.03364   0.05137   0.01957   0.00224   0.09241   0.02001   0.01542   0.09509   0.06769   0.03878   0.14433   0.04778   0.03818   0.02753   0.01109   0.01831   0.00544   0.00000   0.02905   0.24643   0.14556   0.20603   0.18052   0.07007   0.05623   1.94760   0.29393  
 15 861.1515   6749.931081  x:  0.01572   0.01216   0.22621   0.09781   0.56787   0.00473   0.11455   0.03172   0.04014   0.01825   0.03347   0.04281   0.01698   0.01470   0.07325   0.02214   0.00639   0.08614   0.06458   0.03099   0.12180   0.04891   0.03014   0.03979   0.00995   0.02242   0.00354   0.00000   0.02803   0.22946   0.14770   0.19415   0.17640   0.06871   0.06081   1.95461   0.30914  
 16 980.1446   6744.116726  x:  0.01674   0.01254   0.21828   0.09689   0.56874   0.00623   0.10642   0.03128   0.04108   0.02157   0.03453   0.04043   0.01945   0.01438   0.06080   0.02372   0.01635   0.08155   0.06379   0.03059   0.10598   0.04966   0.02937   0.04265   0.00985   0.01766   0.00057   0.00000   0.02859   0.21635   0.14916   0.18516   0.17331   0.06771   0.06159   1.96069   0.31926  
 17 625.5767   6741.400992  x:  0.01772   0.01303   0.21077   0.09615   0.56956   0.00770   0.09917   0.03119   0.04198   0.02468   0.03555   0.03886   0.02172   0.01447   0.04980   0.02478   0.02336   0.07751   0.06323   0.03091   0.09135   0.05030   0.02931   0.04472   0.01022   0.01294   0.00355   0.00000   0.02919   0.20390   0.15046   0.17672   0.17040   0.06680   0.06197   1.96664   0.32857  
 18 1936.8316   6738.708558  x:  0.01947   0.01545   0.20168   0.09675   0.57034   0.00965   0.09651   0.03468   0.04300   0.02784   0.03658   0.04524   0.02331   0.01296   0.04928   0.02185   0.01512   0.07719   0.06466   0.03905   0.07990   0.04994   0.03686   0.04211   0.01257   0.00976   0.00285   0.00000   0.03051   0.18853   0.15100   0.16739   0.16712   0.06628   0.05830   1.97651   0.33664  
 19 273.1890   6737.421693  x:  0.02010   0.01543   0.19344   0.09731   0.57091   0.00882   0.09808   0.03586   0.04230   0.02676   0.03546   0.04815   0.02297   0.01377   0.05534   0.02333   0.01750   0.07988   0.06591   0.03938   0.07790   0.04892   0.03767   0.03737   0.00895   0.01739   0.00308   0.00000   0.03008   0.17495   0.15111   0.15970   0.16445   0.06672   0.05543   1.98907   0.34190  
 20 174.5950   6736.647593  x:  0.01990   0.01474   0.18732   0.09782   0.57133   0.00830   0.10091   0.03550   0.04149   0.02533   0.03460   0.04753   0.02302   0.01380   0.05970   0.02339   0.01841   0.08232   0.06621   0.03660   0.08120   0.04862   0.03523   0.03598   0.01543   0.01619   0.00314   0.00000   0.03001   0.16518   0.15079   0.15466   0.16264   0.06757   0.05496   2.00301   0.34497  
 21 176.7474   6735.686658  x:  0.02005   0.01500   0.18143   0.09866   0.57184   0.00988   0.10508   0.03494   0.04190   0.02716   0.03557   0.04520   0.02523   0.01317   0.06164   0.02184   0.01689   0.08444   0.06609   0.03474   0.08857   0.04949   0.03327   0.04075   0.01076   0.01157   0.00310   0.00000   0.03115   0.15646   0.14991   0.15104   0.16116   0.06856   0.05587   2.02742   0.34711  
 22 156.8211   6733.180330  x:  0.02073   0.01260   0.17447   0.09729   0.57314   0.00484   0.11001   0.03113   0.04397   0.02817   0.03736   0.04381   0.01803   0.01439   0.05186   0.02463   0.01795   0.08302   0.06542   0.04323   0.10043   0.05135   0.04053   0.04383   0.01156   0.01348   0.00314   0.00000   0.02723   0.15140   0.14740   0.15188   0.16025   0.06792   0.05991   2.12263   0.34880  
 23 158.0893   6724.693426  x:  0.02279   0.02544   0.16883   0.09860   0.57819   0.01036   0.11135   0.03490   0.04228   0.01705   0.03248   0.04946   0.03168   0.01265   0.03866   0.02519   0.01738   0.07308   0.06336   0.04097   0.10389   0.04553   0.03757   0.03031   0.01187   0.01620   0.00305   0.00000   0.03340   0.16119   0.14268   0.16461   0.16134   0.06241   0.05819   2.48349   0.35468  
 24 585.4891   6718.435041  x:  0.01881   0.02554   0.17339   0.09796   0.58228   0.00958   0.10454   0.03441   0.04138   0.03784   0.03471   0.04843   0.02571   0.01318   0.05159   0.02439   0.01322   0.07200   0.06409   0.03134   0.08930   0.04732   0.03010   0.02909   0.01357   0.01856   0.00297   0.00000   0.03002   0.17463   0.14359   0.17235   0.16375   0.06300   0.05623   2.77290   0.36268  
 25 1420.2632   6715.248041  x:  0.01680   0.01704   0.18349   0.09787   0.58408   0.00950   0.09902   0.03442   0.04028   0.02693   0.03549   0.04541   0.02174   0.01336   0.06496   0.02098   0.01794   0.08110   0.06695   0.03419   0.07685   0.05074   0.03377   0.03859   0.01199   0.01270   0.00316   0.00000   0.03100   0.18181   0.14791   0.17176   0.16605   0.06796   0.05462   2.90536   0.36852  
 26 755.2483   6714.867237  x:  0.01826   0.01155   0.19002   0.09757   0.58426   0.00884   0.09839   0.03546   0.04244   0.02709   0.03517   0.04579   0.02512   0.01310   0.06443   0.02262   0.01653   0.08342   0.06648   0.03467   0.07719   0.04903   0.03295   0.03855   0.01205   0.01304   0.00311   0.00000   0.02997   0.18192   0.15053   0.16802   0.16691   0.06885   0.05522   2.92106   0.37079  
 27 115.2011   6714.642602  x:  0.01813   0.01349   0.19912   0.09820   0.58430   0.00902   0.09827   0.03616   0.04218   0.02760   0.03526   0.04617   0.02353   0.01324   0.06293   0.02111   0.01681   0.08436   0.06584   0.03406   0.07945   0.04856   0.03337   0.03785   0.01213   0.01354   0.00312   0.00000   0.03074   0.18104   0.15357   0.16210   0.16772   0.06879   0.05512   2.93055   0.37368  
 28 64.0908   6714.621542  x:  0.01816   0.01385   0.20040   0.09827   0.58422   0.00904   0.09869   0.03560   0.04151   0.02755   0.03525   0.04614   0.02380   0.01319   0.06323   0.02218   0.01670   0.08356   0.06616   0.03438   0.07953   0.04922   0.03333   0.03790   0.01210   0.01326   0.00312   0.00000   0.03048   0.18082   0.15357   0.16134   0.16777   0.06842   0.05475   2.93140   0.37396  
 29 19.6520   6714.611998  x:  0.01808   0.01340   0.20109   0.09818   0.58407   0.00900   0.09925   0.03533   0.04148   0.02751   0.03523   0.04610   0.02400   0.01320   0.06342   0.02155   0.01680   0.08252   0.06647   0.03448   0.07939   0.04950   0.03326   0.03788   0.01211   0.01341   0.00312   0.00000   0.03048   0.18056   0.15305   0.16104   0.16773   0.06816   0.05472   2.93170   0.37399  
 30  9.0104   6714.599900  x:  0.01836   0.01339   0.20179   0.09806   0.58370   0.00908   0.09978   0.03577   0.04209   0.02738   0.03531   0.04608   0.02358   0.01320   0.06378   0.02191   0.01690   0.08171   0.06648   0.03424   0.07908   0.04903   0.03342   0.03802   0.01210   0.01323   0.00313   0.00000   0.03072   0.18013   0.15204   0.16100   0.16761   0.06825   0.05505   2.93195   0.37392  
 31  5.8212   6714.537635  x:  0.01676   0.01382   0.20363   0.09754   0.58154   0.00894   0.09945   0.03600   0.04153   0.02738   0.03521   0.04594   0.02394   0.01316   0.06351   0.02202   0.01687   0.08254   0.06543   0.03471   0.07856   0.04826   0.03315   0.03800   0.01203   0.01320   0.00312   0.00000   0.02979   0.17853   0.14841   0.16154   0.16689   0.06912   0.05509   2.93282   0.37356  
 32  5.8051   6714.398744  x:  0.01959   0.01351   0.20576   0.09690   0.57697   0.00904   0.09779   0.03494   0.04060   0.02772   0.03501   0.04593   0.02367   0.01304   0.06282   0.02178   0.01670   0.08463   0.06483   0.03423   0.07844   0.04973   0.03308   0.03712   0.01206   0.01338   0.00310   0.00000   0.03080   0.17623   0.14433   0.16296   0.16607   0.06936   0.05447   2.93462   0.37324  
 33 22.4647   6713.607450  x:  0.01510   0.01147   0.20708   0.09812   0.55512   0.01147   0.09334   0.03524   0.04470   0.02646   0.03594   0.04654   0.02202   0.01214   0.06131   0.02356   0.01551   0.08626   0.07025   0.03189   0.08000   0.05365   0.03310   0.03371   0.01178   0.01338   0.00301   0.00000   0.03229   0.17181   0.14475   0.16592   0.16384   0.06489   0.05447   2.94406   0.37463  
 34 26.0411   6711.778586  x:  0.01966   0.01450   0.20533   0.09957   0.51157   0.00846   0.09168   0.03560   0.04349   0.02532   0.03495   0.04396   0.02164   0.01091   0.06321   0.02064   0.01603   0.08351   0.07354   0.03485   0.08028   0.04914   0.03071   0.02952   0.01089   0.01162   0.00299   0.00000   0.02566   0.16800   0.15396   0.16877   0.16248   0.06353   0.05903   2.96534   0.37990  
 35 125.2100   6710.370860  x:  0.01741   0.01133   0.20146   0.09890   0.48663   0.00489   0.09617   0.03351   0.03776   0.02615   0.03402   0.04367   0.02103   0.00985   0.06248   0.02204   0.01499   0.08031   0.06694   0.03368   0.07901   0.04661   0.03355   0.02619   0.01017   0.01105   0.00289   0.00000   0.03263   0.16932   0.15973   0.16680   0.16307   0.06806   0.05888   2.98177   0.38484  
 36 160.9829   6708.951077  x:  0.01828   0.00953   0.19667   0.09796   0.47865   0.01104   0.10224   0.03338   0.03992   0.02406   0.03421   0.04564   0.01746   0.00856   0.06040   0.02187   0.01469   0.07983   0.05819   0.03225   0.07772   0.05161   0.03251   0.02149   0.00950   0.01015   0.00281   0.00000   0.02738   0.17429   0.15926   0.16066   0.16556   0.07221   0.05520   2.99789   0.39037  
 37 94.0623   6706.057227  x:  0.01829   0.01422   0.19011   0.09250   0.48854   0.00123   0.10379   0.03140   0.04674   0.02204   0.03393   0.04412   0.01799   0.00638   0.05939   0.02159   0.01354   0.08405   0.06149   0.03288   0.07734   0.05539   0.02958   0.01342   0.00831   0.00844   0.00268   0.00000   0.02871   0.18292   0.15026   0.14797   0.16997   0.07168   0.05681   3.02786   0.40019  
 38 103.9880   6704.112663  x:  0.01868   0.01017   0.18772   0.09196   0.50336   0.00585   0.10018   0.03053   0.03955   0.02215   0.03116   0.04337   0.01440   0.00497   0.05880   0.02192   0.01256   0.08459   0.06698   0.03212   0.07946   0.04903   0.03115   0.00881   0.00733   0.00723   0.00258   0.00000   0.02792   0.18420   0.14538   0.14379   0.17083   0.06730   0.06122   3.04888   0.40545  
 39 179.7919   6703.435187  x:  0.01887   0.00840   0.18867   0.09342   0.51104   0.00207   0.09763   0.03232   0.03744   0.02127   0.03055   0.04843   0.01346   0.00451   0.05889   0.02148   0.01298   0.08266   0.06517   0.02928   0.08074   0.04853   0.03173   0.00981   0.00656   0.00547   0.00256   0.00000   0.02592   0.18102   0.14642   0.14635   0.16926   0.06456   0.05999   3.05629   0.40578  
 40 117.4834   6702.892644  x:  0.01850   0.00798   0.19145   0.09678   0.51971   0.00086   0.09557   0.03318   0.03799   0.02060   0.03189   0.04725   0.01371   0.00408   0.06025   0.02145   0.01293   0.08006   0.06103   0.03053   0.08093   0.05093   0.03126   0.00738   0.00653   0.00574   0.00255   0.00000   0.02649   0.17496   0.15050   0.15218   0.16634   0.06575   0.06158   3.06221   0.40467  
 41 105.4365   6702.817893  x:  0.01833   0.00817   0.19215   0.09708   0.52111   0.00095   0.09629   0.03221   0.03892   0.02085   0.02966   0.04748   0.01310   0.00404   0.05987   0.02152   0.01291   0.08019   0.06112   0.03113   0.08034   0.05075   0.03043   0.00746   0.00643   0.00555   0.00254   0.00000   0.02690   0.17366   0.15168   0.15341   0.16562   0.06632   0.06100   3.06307   0.40382  
 42 43.8721   6702.792975  x:  0.01838   0.00844   0.19260   0.09667   0.52172   0.00095   0.09752   0.03151   0.03902   0.02080   0.03010   0.04743   0.01322   0.00398   0.05921   0.02149   0.01280   0.08077   0.06193   0.03036   0.07953   0.05045   0.03083   0.00730   0.00641   0.00553   0.00253   0.00000   0.02653   0.17293   0.15251   0.15398   0.16517   0.06684   0.06069   3.06339   0.40279  
 43 19.9961   6702.788232  x:  0.01841   0.00840   0.19265   0.09628   0.52182   0.00095   0.09787   0.03190   0.03876   0.02080   0.03032   0.04745   0.01305   0.00398   0.05900   0.02152   0.01278   0.08097   0.06205   0.03052   0.07928   0.05054   0.03043   0.00731   0.00641   0.00553   0.00253   0.00000   0.02665   0.17276   0.15276   0.15391   0.16503   0.06668   0.06069   3.06347   0.40219  
 44  8.2486   6702.783934  x:  0.01840   0.00847   0.19264   0.09577   0.52188   0.00100   0.09786   0.03211   0.03871   0.02082   0.02998   0.04731   0.01314   0.00398   0.05904   0.02151   0.01276   0.08104   0.06183   0.03038   0.07910   0.05080   0.03066   0.00731   0.00641   0.00555   0.00252   0.00000   0.02658   0.17263   0.15299   0.15351   0.16489   0.06637   0.06104   3.06357   0.40124  
 45  5.4843   6702.778033  x:  0.01841   0.00851   0.19255   0.09545   0.52195   0.00115   0.09736   0.03160   0.03890   0.02073   0.03027   0.04750   0.01311   0.00396   0.05921   0.02150   0.01278   0.08087   0.06155   0.03047   0.07907   0.05056   0.03053   0.00733   0.00640   0.00552   0.00252   0.00000   0.02666   0.17252   0.15318   0.15282   0.16479   0.06627   0.06110   3.06372   0.39991  
 46  5.5267   6702.764155  x:  0.01853   0.00837   0.19236   0.09610   0.52219   0.00094   0.09659   0.03205   0.03884   0.02074   0.03017   0.04696   0.01303   0.00393   0.05897   0.02150   0.01269   0.08032   0.06203   0.03037   0.07922   0.05057   0.03060   0.00734   0.00638   0.00554   0.00251   0.00000   0.02655   0.17243   0.15316   0.15189   0.16488   0.06727   0.06037   3.06406   0.39823  
 47  4.0760   6702.652037  x:  0.01855   0.00815   0.19218   0.10108   0.52450   0.00036   0.09740   0.03160   0.03818   0.02084   0.03017   0.04816   0.01309   0.00397   0.05824   0.02162   0.01268   0.08102   0.06244   0.03019   0.07797   0.05151   0.03026   0.00772   0.00635   0.00572   0.00250   0.00000   0.02651   0.17203   0.15256   0.15085   0.16627   0.06793   0.06356   3.06649   0.39595  
 48  3.4588   6702.375912  x:  0.01854   0.00787   0.19228   0.10255   0.52823   0.00000   0.09812   0.03124   0.03846   0.02082   0.03064   0.04593   0.01298   0.00394   0.05812   0.02158   0.01250   0.08150   0.06152   0.03040   0.07755   0.05076   0.03067   0.00811   0.00631   0.00579   0.00249   0.00000   0.02644   0.17127   0.15255   0.15139   0.16712   0.06614   0.06293   3.06995   0.39566  
 49 18.5940   6701.369932  x:  0.01746   0.00793   0.19340   0.09201   0.55199   0.00185   0.09630   0.03034   0.03798   0.02010   0.03192   0.04424   0.01312   0.00392   0.05885   0.02171   0.01193   0.07792   0.06353   0.03100   0.08123   0.05227   0.03125   0.01066   0.00595   0.00637   0.00244   0.00000   0.02607   0.16700   0.15533   0.15782   0.16634   0.07342   0.06690   3.09111   0.40068  
 50 58.1382   6701.334975  x:  0.01778   0.00782   0.19340   0.09268   0.55276   0.00175   0.09657   0.03027   0.03798   0.02011   0.03200   0.04402   0.01312   0.00393   0.05885   0.02169   0.01192   0.07804   0.06352   0.03105   0.08142   0.05225   0.03133   0.01076   0.00595   0.00640   0.00244   0.00000   0.02605   0.16855   0.15522   0.15722   0.16118   0.07346   0.06709   3.09184   0.40120  
 51 12.1628   6700.699177  x:  0.01765   0.00755   0.19129   0.09442   0.57627   0.00000   0.09882   0.02971   0.03827   0.02089   0.03150   0.04277   0.01356   0.00491   0.05720   0.02183   0.01308   0.07803   0.06309   0.03167   0.08406   0.04931   0.03036   0.01075   0.00785   0.00716   0.00246   0.00000   0.02507   0.16890   0.15296   0.15763   0.16310   0.07000   0.06629   3.12491   0.39594  
 52  0.0708   6700.537943  x:  0.01762   0.00832   0.18993   0.09655   0.58483   0.00009   0.10048   0.03021   0.03906   0.02081   0.03205   0.04101   0.01428   0.00450   0.05645   0.02198   0.01293   0.07860   0.06278   0.03246   0.08528   0.04895   0.03033   0.01094   0.00676   0.00664   0.00241   0.00000   0.02537   0.16982   0.15101   0.15771   0.16460   0.06819   0.06644   3.15244   0.39457  
 53  0.0568   6700.510683  x:  0.01766   0.00819   0.18988   0.09648   0.58699   0.00002   0.10036   0.03005   0.03935   0.02066   0.03204   0.04149   0.01357   0.00432   0.05635   0.02197   0.01275   0.07858   0.06260   0.03223   0.08528   0.04885   0.03089   0.01105   0.00670   0.00703   0.00235   0.00000   0.02537   0.16994   0.15070   0.15795   0.16471   0.06730   0.06644   3.17182   0.39535  
 54  0.0302   6700.503259  x:  0.01768   0.00799   0.19007   0.09642   0.58748   0.00017   0.10028   0.03004   0.03930   0.02052   0.03210   0.04144   0.01362   0.00428   0.05632   0.02200   0.01270   0.07853   0.06258   0.03223   0.08505   0.04901   0.03096   0.01117   0.00694   0.00678   0.00231   0.00000   0.02548   0.16976   0.15090   0.15810   0.16464   0.06734   0.06651   3.18517   0.39580  
 55  0.0213   6700.500183  x:  0.01769   0.00795   0.19013   0.09623   0.58729   0.00020   0.10019   0.03001   0.03918   0.02057   0.03205   0.04160   0.01372   0.00439   0.05627   0.02201   0.01280   0.07844   0.06258   0.03221   0.08496   0.04899   0.03086   0.01121   0.00680   0.00681   0.00229   0.00000   0.02547   0.16960   0.15109   0.15818   0.16452   0.06740   0.06636   3.19433   0.39603  
 56  0.0142   6700.499637  x:  0.01768   0.00811   0.19003   0.09619   0.58676   0.00019   0.10019   0.03002   0.03917   0.02061   0.03205   0.04156   0.01369   0.00438   0.05628   0.02201   0.01281   0.07842   0.06258   0.03222   0.08502   0.04901   0.03084   0.01121   0.00682   0.00682   0.00228   0.00000   0.02543   0.16967   0.15105   0.15814   0.16453   0.06749   0.06638   3.19688   0.39614  
 57  0.0034   6700.499543  x:  0.01768   0.00807   0.18999   0.09620   0.58651   0.00019   0.10023   0.03002   0.03919   0.02060   0.03203   0.04156   0.01371   0.00436   0.05629   0.02201   0.01280   0.07845   0.06260   0.03222   0.08506   0.04899   0.03082   0.01120   0.00682   0.00683   0.00227   0.00000   0.02543   0.16969   0.15102   0.15811   0.16455   0.06750   0.06638   3.19741   0.39614  
 58  0.0008   6700.499530  x:  0.01768   0.00806   0.18999   0.09622   0.58646   0.00020   0.10023   0.03003   0.03920   0.02060   0.03203   0.04155   0.01370   0.00437   0.05630   0.02201   0.01280   0.07845   0.06260   0.03222   0.08507   0.04900   0.03084   0.01119   0.00682   0.00683   0.00227   0.00000   0.02544   0.16968   0.15101   0.15811   0.16455   0.06750   0.06639   3.19742   0.39614  
 59  0.0001   6700.499526  x:  0.01768   0.00807   0.19000   0.09623   0.58648   0.00019   0.10023   0.03002   0.03919   0.02060   0.03204   0.04156   0.01370   0.00437   0.05629   0.02201   0.01280   0.07845   0.06260   0.03222   0.08507   0.04899   0.03083   0.01119   0.00682   0.00683   0.00227   0.00000   0.02544   0.16967   0.15101   0.15811   0.16455   0.06749   0.06639   3.19732   0.39615  
 60  0.0001   6700.499525  x:  0.01768   0.00807   0.19000   0.09622   0.58649   0.00020   0.10023   0.03002   0.03919   0.02060   0.03204   0.04155   0.01370   0.00437   0.05629   0.02201   0.01281   0.07845   0.06260   0.03222   0.08507   0.04900   0.03083   0.01119   0.00682   0.00683   0.00227   0.00000   0.02544   0.16968   0.15102   0.15811   0.16455   0.06749   0.06639   3.19729   0.39615  
 61  0.0000   6700.499525  x:  0.01768   0.00807   0.19000   0.09622   0.58649   0.00020   0.10023   0.03002   0.03919   0.02060   0.03204   0.04156   0.01370   0.00437   0.05629   0.02201   0.01281   0.07845   0.06260   0.03222   0.08507   0.04900   0.03083   0.01119   0.00682   0.00683   0.00227   0.00000   0.02544   0.16968   0.15102   0.15811   0.16455   0.06750   0.06639   3.19727   0.39614  
 62  0.0000   6700.499525  x:  0.01768   0.00807   0.19000   0.09622   0.58649   0.00020   0.10023   0.03002   0.03919   0.02060   0.03204   0.04155   0.01370   0.00437   0.05629   0.02201   0.01281   0.07845   0.06260   0.03222   0.08507   0.04900   0.03083   0.01119   0.00682   0.00683   0.00227   0.00000   0.02544   0.16968   0.15102   0.15811   0.16455   0.06750   0.06639   3.19727   0.39614  
 63  0.0000   6700.499525  x:  0.01768   0.00807   0.19000   0.09622   0.58649   0.00020   0.10023   0.03002   0.03919   0.02060   0.03204   0.04155   0.01370   0.00437   0.05629   0.02201   0.01281   0.07845   0.06260   0.03222   0.08507   0.04900   0.03083   0.01119   0.00682   0.00683   0.00227   0.00000   0.02544   0.16968   0.15102   0.15811   0.16455   0.06750   0.06639   3.19727   0.39614  