

TREE # 1

  0  0.0000  13499.868552  x:  0.00333   0.01233   0.20696   0.14116   0.12380   0.00870   0.13976   0.04330   0.06398   0.02693   0.04858   0.03158   0.02181   0.02372   0.02400   0.01530   0.00100   0.05339   0.05980   0.03754   0.07043   0.05691   0.02078   0.00000   0.02037   0.01911   0.00809   0.01429   0.02440   0.07569   0.03481   0.01417   0.02531   0.05260   0.08906   0.13598   0.16776   0.08067   0.08192   0.47007   0.57840  
  1 99.0000  13498.573541  x:  0.00340   0.01248   0.20701   0.14120   0.12382   0.00879   0.13985   0.04335   0.06400   0.02677   0.04860   0.03149   0.02173   0.02364   0.02394   0.01524   0.00109   0.05341   0.05983   0.03745   0.07050   0.05690   0.02083   0.00219   0.02034   0.01891   0.00743   0.01408   0.02441   0.07573   0.03483   0.01412   0.02526   0.05258   0.08909   0.13601   0.16780   0.08069   0.08189   0.46972   0.57839  
  2 2933.7298  13488.466818  x:  0.00407   0.01418   0.20755   0.14165   0.12404   0.00976   0.14082   0.04392   0.06429   0.02504   0.04892   0.03055   0.02084   0.02276   0.02320   0.01460   0.00185   0.05364   0.06016   0.03643   0.07123   0.05681   0.02123   0.00216   0.01987   0.01644   0.00000   0.01177   0.02431   0.07610   0.03502   0.01354   0.02468   0.05228   0.08938   0.13629   0.16827   0.08093   0.08155   0.46588   0.57828  
  3 1266.2454  13486.067794  x:  0.00369   0.01475   0.20809   0.14205   0.12423   0.00980   0.14178   0.04436   0.06457   0.02379   0.04918   0.02990   0.02040   0.02230   0.02255   0.01428   0.00000   0.05379   0.06046   0.03562   0.07177   0.05684   0.02147   0.00217   0.02014   0.01504   0.00000   0.01179   0.02394   0.07641   0.03519   0.01345   0.02436   0.05200   0.08967   0.13655   0.16873   0.08115   0.08122   0.46168   0.57816  
  4 1287.3140  13477.220932  x:  0.00000   0.01509   0.21093   0.14409   0.12517   0.00809   0.14682   0.04627   0.06605   0.01865   0.05045   0.02727   0.01920   0.02096   0.01968   0.01387   0.00113   0.05464   0.06194   0.03198   0.07437   0.05724   0.02239   0.00214   0.02301   0.01072   0.00000   0.01665   0.02154   0.07805   0.03596   0.01406   0.02342   0.05070   0.09116   0.13784   0.17122   0.08232   0.07951   0.43833   0.57750  
  5 2355.3002  13467.930778  x:  0.00810   0.01414   0.21617   0.14774   0.12681   0.00535   0.15587   0.04920   0.06862   0.01260   0.05245   0.02401   0.01841   0.01996   0.01622   0.01416   0.00196   0.05603   0.06441   0.02677   0.07858   0.05807   0.02365   0.00206   0.02803   0.00811   0.00000   0.02508   0.01793   0.08083   0.03710   0.01536   0.02257   0.04861   0.09376   0.14047   0.17597   0.08443   0.07654   0.39396   0.57622  
  6 4215.9775  13448.541459  x:  0.00743   0.01473   0.22607   0.15474   0.12985   0.01371   0.17205   0.05326   0.07269   0.01950   0.05502   0.02386   0.01923   0.02104   0.01717   0.01439   0.00165   0.05797   0.06802   0.02406   0.08488   0.05909   0.02480   0.00184   0.03040   0.01858   0.00000   0.02585   0.01937   0.08502   0.03822   0.01418   0.02273   0.04622   0.09803   0.14477   0.18457   0.08791   0.07191   0.30540   0.57359  
  7 2447.9936  13442.711876  x:  0.00681   0.01211   0.22886   0.15608   0.12984   0.00619   0.17513   0.05150   0.07244   0.02029   0.05416   0.02790   0.02103   0.02283   0.02028   0.01504   0.00140   0.05769   0.06762   0.03027   0.08434   0.05907   0.02292   0.00186   0.02693   0.01493   0.00000   0.02189   0.02191   0.08495   0.03749   0.01452   0.02445   0.04759   0.09828   0.14556   0.18677   0.08836   0.07218   0.27729   0.57255  
  8 1092.1226  13442.068238  x:  0.00684   0.01113   0.22923   0.15580   0.12926   0.00868   0.17390   0.04931   0.07083   0.01901   0.05268   0.02808   0.02091   0.02278   0.01997   0.01523   0.00145   0.05671   0.06598   0.03096   0.08171   0.05902   0.02216   0.00189   0.02572   0.01411   0.00000   0.02231   0.01987   0.08362   0.03670   0.01528   0.02462   0.04928   0.09719   0.14518   0.18675   0.08776   0.07397   0.27290   0.57196  
  9 198.4833  13441.776716  x:  0.00683   0.01256   0.22956   0.15542   0.12855   0.00775   0.17232   0.04778   0.06954   0.01893   0.05178   0.02724   0.02037   0.02228   0.01937   0.01494   0.00150   0.05601   0.06465   0.02988   0.07939   0.05899   0.02275   0.00187   0.02575   0.01493   0.00000   0.02247   0.02011   0.08241   0.03637   0.01470   0.02413   0.05018   0.09614   0.14472   0.18658   0.08713   0.07553   0.27053   0.57129  
 10 156.0075  13441.725554  x:  0.00688   0.01213   0.22975   0.15514   0.12820   0.00797   0.17129   0.04804   0.06930   0.01937   0.05198   0.02702   0.02053   0.02232   0.01934   0.01499   0.00152   0.05607   0.06450   0.02935   0.07871   0.05898   0.02302   0.00187   0.02631   0.01432   0.00000   0.02240   0.02081   0.08205   0.03665   0.01483   0.02408   0.04988   0.09574   0.14445   0.18645   0.08680   0.07598   0.26998   0.57070  
 11 54.3937  13441.688013  x:  0.00684   0.01226   0.23009   0.15476   0.12772   0.00788   0.16971   0.04882   0.06930   0.01922   0.05250   0.02714   0.02060   0.02239   0.01961   0.01502   0.00152   0.05641   0.06471   0.02938   0.07831   0.05896   0.02297   0.00187   0.02672   0.01444   0.00000   0.02209   0.02018   0.08179   0.03702   0.01479   0.02415   0.04923   0.09535   0.14406   0.18626   0.08640   0.07627   0.26949   0.56953  
 12 41.5409  13441.665348  x:  0.00688   0.01228   0.23048   0.15448   0.12740   0.00800   0.16829   0.04917   0.06955   0.01892   0.05264   0.02719   0.02035   0.02228   0.01923   0.01492   0.00152   0.05658   0.06503   0.02970   0.07855   0.05898   0.02290   0.00187   0.02633   0.01462   0.00000   0.02237   0.02059   0.08186   0.03686   0.01477   0.02413   0.04915   0.09528   0.14378   0.18609   0.08624   0.07618   0.26921   0.56794  
 13 30.5074  13441.640383  x:  0.00691   0.01247   0.23099   0.15426   0.12717   0.00798   0.16681   0.04908   0.06991   0.01934   0.05246   0.02701   0.02052   0.02229   0.01941   0.01504   0.00150   0.05654   0.06526   0.02941   0.07916   0.05900   0.02291   0.00187   0.02595   0.01434   0.00000   0.02258   0.02035   0.08218   0.03661   0.01478   0.02405   0.04949   0.09547   0.14357   0.18595   0.08629   0.07586   0.26901   0.56524  
 14 38.5335  13441.606246  x:  0.00684   0.01200   0.23163   0.15419   0.12719   0.00796   0.16560   0.04856   0.07003   0.01890   0.05211   0.02704   0.02058   0.02237   0.01957   0.01483   0.00149   0.05628   0.06515   0.02911   0.07981   0.05900   0.02303   0.00186   0.02654   0.01461   0.00000   0.02210   0.02039   0.08257   0.03672   0.01478   0.02414   0.04987   0.09588   0.14352   0.18586   0.08663   0.07548   0.26893   0.56041  
 15 48.1356  13441.518682  x:  0.00687   0.01279   0.23290   0.15449   0.12778   0.00816   0.16464   0.04790   0.06962   0.01916   0.05198   0.02744   0.02020   0.02234   0.01920   0.01543   0.00149   0.05595   0.06446   0.02994   0.08003   0.05899   0.02279   0.00186   0.02764   0.01428   0.00000   0.02215   0.02050   0.08290   0.03729   0.01494   0.02425   0.04962   0.09659   0.14384   0.18589   0.08749   0.07520   0.26905   0.54617  
 16 86.3612  13441.233397  x:  0.00688   0.01193   0.23587   0.15549   0.12972   0.00781   0.16424   0.04794   0.06836   0.01983   0.05261   0.02698   0.02061   0.02204   0.01864   0.01414   0.00154   0.05578   0.06317   0.03041   0.07920   0.05895   0.02291   0.00186   0.02653   0.01423   0.00000   0.02231   0.01998   0.08285   0.03751   0.01409   0.02377   0.04825   0.09762   0.14495   0.18618   0.08914   0.07524   0.26973   0.49955  
 17 300.3277  13440.994773  x:  0.00675   0.01217   0.23755   0.15613   0.13091   0.00767   0.16485   0.04845   0.06800   0.01891   0.05290   0.02682   0.02068   0.02230   0.01981   0.01516   0.00149   0.05604   0.06320   0.02952   0.07832   0.05893   0.02311   0.00185   0.02542   0.01465   0.00000   0.02228   0.02061   0.08245   0.03700   0.01524   0.02410   0.04818   0.09761   0.14560   0.18640   0.08939   0.07554   0.27030   0.45972  
 18 723.3452  13440.805545  x:  0.00678   0.01209   0.23733   0.15607   0.13093   0.00760   0.16624   0.04870   0.06901   0.01924   0.05245   0.02756   0.02017   0.02256   0.01939   0.01515   0.00151   0.05651   0.06468   0.02929   0.07806   0.05893   0.02263   0.00184   0.02634   0.01437   0.00000   0.02207   0.02046   0.08190   0.03641   0.01431   0.02435   0.04979   0.09638   0.14542   0.18642   0.08791   0.07591   0.27059   0.42801  
 19 405.1075  13440.755575  x:  0.00680   0.01230   0.23649   0.15576   0.13054   0.00759   0.16674   0.04835   0.06940   0.01936   0.05225   0.02718   0.02064   0.02221   0.01926   0.01470   0.00152   0.05644   0.06495   0.02984   0.07839   0.05895   0.02294   0.00184   0.02656   0.01443   0.00000   0.02195   0.02037   0.08190   0.03676   0.01506   0.02406   0.04984   0.09590   0.14503   0.18633   0.08718   0.07593   0.27055   0.41949  
 20 182.5942  13440.725770  x:  0.00681   0.01220   0.23514   0.15527   0.13002   0.00767   0.16703   0.04790   0.06946   0.01920   0.05224   0.02691   0.02061   0.02222   0.01944   0.01513   0.00150   0.05618   0.06465   0.02998   0.07892   0.05896   0.02306   0.00183   0.02637   0.01444   0.00000   0.02205   0.02042   0.08211   0.03717   0.01458   0.02393   0.04926   0.09573   0.14450   0.18618   0.08675   0.07586   0.27040   0.41447  
 21 85.0615  13440.711646  x:  0.00682   0.01231   0.23406   0.15491   0.12973   0.00764   0.16710   0.04782   0.06932   0.01929   0.05235   0.02717   0.02038   0.02238   0.01937   0.01486   0.00151   0.05604   0.06431   0.02967   0.07917   0.05895   0.02285   0.00184   0.02625   0.01440   0.00000   0.02209   0.02041   0.08229   0.03712   0.01476   0.02418   0.04895   0.09584   0.14415   0.18607   0.08678   0.07580   0.27026   0.41214  
 22 51.5094  13440.703652  x:  0.00682   0.01238   0.23304   0.15466   0.12968   0.00765   0.16699   0.04811   0.06908   0.01923   0.05246   0.02724   0.02064   0.02223   0.01929   0.01495   0.00150   0.05613   0.06417   0.02969   0.07913   0.05895   0.02285   0.00183   0.02638   0.01441   0.00000   0.02205   0.02042   0.08240   0.03682   0.01472   0.02408   0.04914   0.09615   0.14398   0.18598   0.08718   0.07576   0.27013   0.41092  
 23 21.3029  13440.700556  x:  0.00682   0.01235   0.23256   0.15459   0.12976   0.00763   0.16687   0.04820   0.06905   0.01928   0.05244   0.02708   0.02042   0.02230   0.01937   0.01492   0.00150   0.05620   0.06426   0.02978   0.07902   0.05896   0.02295   0.00183   0.02640   0.01440   0.00000   0.02204   0.02039   0.08240   0.03688   0.01474   0.02407   0.04928   0.09631   0.14399   0.18596   0.08741   0.07574   0.27007   0.41053  
 24 13.7739  13440.697536  x:  0.00682   0.01242   0.23212   0.15465   0.13000   0.00765   0.16667   0.04811   0.06917   0.01923   0.05234   0.02711   0.02055   0.02234   0.01933   0.01489   0.00150   0.05624   0.06448   0.02971   0.07885   0.05895   0.02290   0.00183   0.02631   0.01440   0.00000   0.02208   0.02042   0.08230   0.03714   0.01470   0.02414   0.04925   0.09637   0.14415   0.18597   0.08757   0.07571   0.27002   0.41030  
 25  6.6840  13440.693516  x:  0.00681   0.01233   0.23173   0.15480   0.13031   0.00761   0.16644   0.04797   0.06934   0.01928   0.05234   0.02721   0.02043   0.02215   0.01930   0.01499   0.00150   0.05619   0.06459   0.02965   0.07880   0.05894   0.02289   0.00183   0.02632   0.01441   0.00000   0.02200   0.02038   0.08220   0.03700   0.01478   0.02400   0.04906   0.09631   0.14442   0.18603   0.08755   0.07567   0.26998   0.41019  
 26  6.1275  13440.684490  x:  0.00680   0.01245   0.23123   0.15515   0.13079   0.00767   0.16607   0.04792   0.06945   0.01920   0.05245   0.02709   0.02051   0.02238   0.01945   0.01484   0.00151   0.05606   0.06446   0.02979   0.07892   0.05896   0.02297   0.00183   0.02648   0.01435   0.00000   0.02204   0.02043   0.08211   0.03662   0.01469   0.02406   0.04891   0.09606   0.14490   0.18617   0.08729   0.07564   0.26995   0.41011  
 27  9.6199  13440.656024  x:  0.00675   0.01235   0.23055   0.15586   0.13134   0.00752   0.16551   0.04837   0.06919   0.01929   0.05270   0.02686   0.02054   0.02237   0.01904   0.01511   0.00149   0.05601   0.06382   0.02976   0.07947   0.05896   0.02289   0.00182   0.02630   0.01444   0.00000   0.02183   0.02035   0.08227   0.03698   0.01476   0.02441   0.04944   0.09556   0.14568   0.18651   0.08660   0.07572   0.26998   0.41013  
 28 10.9155  13440.593002  x:  0.00676   0.01246   0.22998   0.15671   0.13140   0.00761   0.16501   0.04880   0.06856   0.01921   0.05259   0.02759   0.02036   0.02194   0.01984   0.01468   0.00149   0.05624   0.06339   0.02968   0.07994   0.05896   0.02276   0.00180   0.02615   0.01433   0.00000   0.02214   0.02055   0.08265   0.03770   0.01465   0.02364   0.05002   0.09522   0.14628   0.18699   0.08596   0.07601   0.27016   0.41036  
 29 17.8626  13439.674709  x:  0.00624   0.01250   0.22741   0.16230   0.12609   0.00756   0.16273   0.04823   0.06444   0.01937   0.04884   0.02819   0.02053   0.02388   0.01868   0.01507   0.00132   0.05885   0.06601   0.02990   0.08005   0.05875   0.02387   0.00151   0.02536   0.01403   0.00000   0.01942   0.02043   0.08575   0.03659   0.01483   0.02287   0.04817   0.09597   0.14706   0.19099   0.08459   0.07917   0.27330   0.41470  
 30 19.7655  13438.335763  x:  0.00575   0.01264   0.22521   0.16584   0.12076   0.00786   0.16077   0.04693   0.06492   0.01960   0.04995   0.02624   0.02031   0.01958   0.02080   0.01424   0.00127   0.05806   0.06681   0.03089   0.07819   0.05830   0.02155   0.00111   0.02501   0.01343   0.00000   0.01664   0.02131   0.08595   0.03566   0.01388   0.02679   0.04841   0.09682   0.14594   0.19403   0.08468   0.08053   0.27760   0.42113  
 31 112.9271  13436.383254  x:  0.00495   0.01323   0.22340   0.16541   0.11778   0.00806   0.15908   0.04633   0.06960   0.01918   0.05432   0.02780   0.02015   0.02218   0.02000   0.01443   0.00121   0.05412   0.06433   0.03155   0.07545   0.05785   0.02240   0.00053   0.02281   0.01280   0.00000   0.01187   0.02158   0.08249   0.03642   0.01413   0.02378   0.05116   0.09659   0.14271   0.19471   0.08574   0.07934   0.28336   0.43042  
 32 174.4080  13435.500845  x:  0.00471   0.01368   0.22360   0.15930   0.12270   0.00811   0.15908   0.04768   0.06826   0.01931   0.04990   0.02873   0.02003   0.02105   0.02036   0.01429   0.00114   0.05592   0.06286   0.03197   0.07678   0.05726   0.02420   0.00025   0.02207   0.01223   0.00000   0.01015   0.02158   0.07998   0.03618   0.01370   0.02535   0.05033   0.09432   0.14106   0.19046   0.08537   0.07793   0.28544   0.43479  
 33 107.9211  13435.363756  x:  0.00465   0.01372   0.22375   0.15754   0.12407   0.00801   0.15917   0.04726   0.06724   0.01931   0.05006   0.02778   0.02007   0.02145   0.02046   0.01426   0.00111   0.05628   0.06349   0.03191   0.07715   0.05701   0.02228   0.00022   0.02220   0.01234   0.00000   0.00964   0.02186   0.08042   0.03608   0.01386   0.02448   0.05029   0.09396   0.14130   0.18888   0.08504   0.07839   0.28568   0.43549  
 34 79.2430  13435.311793  x:  0.00464   0.01377   0.22385   0.15647   0.12468   0.00807   0.15926   0.04655   0.06658   0.01934   0.05121   0.02809   0.02004   0.02133   0.02046   0.01424   0.00110   0.05606   0.06438   0.03191   0.07723   0.05697   0.02290   0.00020   0.02209   0.01227   0.00000   0.00959   0.02180   0.08147   0.03608   0.01379   0.02476   0.05054   0.09403   0.14205   0.18749   0.08469   0.07936   0.28573   0.43577  
 35 42.2746  13435.303157  x:  0.00463   0.01379   0.22386   0.15630   0.12442   0.00806   0.15933   0.04685   0.06702   0.01933   0.05089   0.02808   0.02004   0.02133   0.02047   0.01422   0.00111   0.05579   0.06419   0.03193   0.07705   0.05704   0.02286   0.00020   0.02209   0.01227   0.00000   0.00956   0.02180   0.08186   0.03609   0.01379   0.02475   0.05046   0.09434   0.14278   0.18666   0.08455   0.07979   0.28571   0.43581  
 36 12.2097  13435.300937  x:  0.00463   0.01378   0.22385   0.15642   0.12412   0.00808   0.15936   0.04674   0.06700   0.01932   0.05096   0.02808   0.02004   0.02133   0.02047   0.01422   0.00111   0.05606   0.06411   0.03192   0.07710   0.05699   0.02287   0.00020   0.02209   0.01227   0.00000   0.00956   0.02180   0.08163   0.03608   0.01379   0.02475   0.05048   0.09438   0.14313   0.18617   0.08456   0.07963   0.28570   0.43582  
 37  4.7068  13435.298920  x:  0.00464   0.01378   0.22383   0.15664   0.12400   0.00807   0.15938   0.04685   0.06680   0.01933   0.05092   0.02808   0.02004   0.02133   0.02047   0.01423   0.00111   0.05574   0.06429   0.03192   0.07716   0.05702   0.02286   0.00020   0.02208   0.01226   0.00000   0.00956   0.02180   0.08151   0.03610   0.01379   0.02475   0.05047   0.09423   0.14315   0.18580   0.08467   0.07947   0.28568   0.43583  
 38  2.1485  13435.279472  x:  0.00467   0.01375   0.22376   0.15790   0.12449   0.00805   0.15938   0.04675   0.06714   0.01932   0.05096   0.02807   0.02003   0.02133   0.02048   0.01423   0.00110   0.05610   0.06408   0.03192   0.07704   0.05709   0.02286   0.00023   0.02206   0.01226   0.00000   0.00953   0.02182   0.08214   0.03607   0.01378   0.02474   0.05047   0.09359   0.14203   0.18438   0.08508   0.07974   0.28567   0.43594  
 39  1.9664  13435.160819  x:  0.00469   0.01387   0.22378   0.15807   0.12591   0.00807   0.15937   0.04685   0.06680   0.01935   0.05093   0.02808   0.01999   0.02132   0.02047   0.01417   0.00110   0.05577   0.06426   0.03197   0.07722   0.05606   0.02289   0.00039   0.02189   0.01221   0.00000   0.00944   0.02189   0.08090   0.03609   0.01374   0.02467   0.05054   0.09643   0.14064   0.18305   0.08280   0.08007   0.28592   0.43665  
 40  4.1831  13434.917393  x:  0.00451   0.01424   0.22408   0.15344   0.12570   0.00830   0.15949   0.04664   0.06660   0.01941   0.05088   0.02812   0.01992   0.02129   0.02054   0.01409   0.00109   0.05610   0.06408   0.03206   0.07748   0.05917   0.02272   0.00071   0.02147   0.01210   0.00000   0.00903   0.02205   0.08081   0.03609   0.01363   0.02458   0.05059   0.09447   0.14306   0.18438   0.08404   0.07981   0.28675   0.43808  
 41 16.4723  13434.865774  x:  0.00446   0.01430   0.22415   0.15228   0.12541   0.00835   0.15953   0.04673   0.06670   0.01942   0.05077   0.02813   0.01991   0.02130   0.02056   0.01409   0.00108   0.05598   0.06402   0.03210   0.07738   0.05698   0.02279   0.00078   0.02140   0.01211   0.00000   0.00907   0.02208   0.08131   0.03607   0.01362   0.02455   0.05061   0.09332   0.14387   0.18488   0.08478   0.07959   0.28692   0.43837  
 42 33.2231  13434.865427  x:  0.00446   0.01431   0.22415   0.15227   0.12541   0.00835   0.15953   0.04673   0.06668   0.01942   0.05077   0.02813   0.01991   0.02130   0.02056   0.01409   0.00108   0.05598   0.06401   0.03210   0.07725   0.05700   0.02280   0.00078   0.02139   0.01211   0.00000   0.00906   0.02208   0.08142   0.03607   0.01362   0.02455   0.05061   0.09332   0.14388   0.18487   0.08469   0.07941   0.28692   0.43837  
 43  1.1682  13434.476505  x:  0.00458   0.01572   0.22558   0.15006   0.12776   0.00931   0.16088   0.04710   0.06733   0.01976   0.05104   0.02786   0.01949   0.02134   0.02054   0.01371   0.00109   0.05593   0.06347   0.03217   0.07766   0.05750   0.02238   0.00077   0.02003   0.01218   0.00000   0.01111   0.02287   0.08080   0.03620   0.01316   0.02366   0.05078   0.09329   0.14281   0.18188   0.08483   0.07845   0.28691   0.43997  
 44  0.0302  13434.370162  x:  0.00438   0.01665   0.22694   0.15192   0.12801   0.01003   0.16221   0.04751   0.06804   0.02005   0.05155   0.02784   0.01927   0.02120   0.02047   0.01358   0.00105   0.05581   0.06345   0.03208   0.07815   0.05712   0.02272   0.00079   0.02034   0.01245   0.00000   0.01047   0.02329   0.08086   0.03633   0.01297   0.02350   0.05072   0.09396   0.14247   0.18267   0.08541   0.07779   0.28480   0.43714  
 45  0.0070  13434.362963  x:  0.00440   0.01696   0.22657   0.15183   0.12789   0.01018   0.16164   0.04736   0.06793   0.02006   0.05142   0.02789   0.01936   0.02125   0.02050   0.01366   0.00107   0.05577   0.06340   0.03218   0.07797   0.05711   0.02267   0.00083   0.02045   0.01229   0.00000   0.01044   0.02339   0.08078   0.03627   0.01311   0.02361   0.05078   0.09389   0.14227   0.18249   0.08524   0.07803   0.28489   0.43721  
 46  0.0009  13434.362486  x:  0.00440   0.01701   0.22652   0.15186   0.12786   0.01018   0.16163   0.04735   0.06789   0.02005   0.05141   0.02789   0.01937   0.02125   0.02050   0.01366   0.00107   0.05579   0.06343   0.03219   0.07796   0.05713   0.02265   0.00084   0.02036   0.01235   0.00000   0.01044   0.02338   0.08080   0.03626   0.01308   0.02362   0.05077   0.09391   0.14230   0.18252   0.08521   0.07805   0.28490   0.43708  
 47  0.0002  13434.362393  x:  0.00442   0.01701   0.22654   0.15185   0.12787   0.01017   0.16166   0.04736   0.06789   0.02005   0.05141   0.02789   0.01936   0.02125   0.02050   0.01365   0.00108   0.05579   0.06343   0.03219   0.07797   0.05714   0.02265   0.00086   0.02039   0.01235   0.00000   0.01044   0.02337   0.08080   0.03627   0.01307   0.02361   0.05077   0.09392   0.14230   0.18251   0.08520   0.07804   0.28490   0.43712  
 48  0.0001  13434.362383  x:  0.00442   0.01700   0.22655   0.15187   0.12787   0.01017   0.16167   0.04736   0.06790   0.02005   0.05142   0.02789   0.01936   0.02125   0.02050   0.01365   0.00108   0.05579   0.06342   0.03219   0.07797   0.05714   0.02266   0.00086   0.02039   0.01234   0.00000   0.01044   0.02337   0.08079   0.03627   0.01308   0.02361   0.05077   0.09392   0.14229   0.18250   0.08521   0.07804   0.28489   0.43711  
 49  0.0000  13434.362383  x:  0.00442   0.01700   0.22655   0.15187   0.12787   0.01017   0.16166   0.04736   0.06790   0.02005   0.05142   0.02789   0.01936   0.02125   0.02050   0.01365   0.00108   0.05579   0.06342   0.03218   0.07797   0.05714   0.02266   0.00086   0.02039   0.01234   0.00000   0.01044   0.02337   0.08079   0.03627   0.01308   0.02361   0.05077   0.09392   0.14228   0.18250   0.08521   0.07804   0.28489   0.43711  
 50  0.0000  13434.362383  x:  0.00442   0.01700   0.22655   0.15187   0.12787   0.01017   0.16166   0.04736   0.06790   0.02005   0.05142   0.02789   0.01936   0.02125   0.02050   0.01365   0.00108   0.05579   0.06342   0.03218   0.07797   0.05714   0.02266   0.00086   0.02039   0.01234   0.00000   0.01044   0.02337   0.08079   0.03627   0.01308   0.02361   0.05077   0.09392   0.14228   0.18250   0.08521   0.07804   0.28489   0.43711  
 51  0.0000  13434.362383  x:  0.00442   0.01700   0.22654   0.15187   0.12787   0.01017   0.16166   0.04736   0.06790   0.02005   0.05142   0.02789   0.01936   0.02125   0.02050   0.01365   0.00108   0.05579   0.06342   0.03218   0.07797   0.05714   0.02266   0.00086   0.02039   0.01234   0.00000   0.01044   0.02337   0.08079   0.03627   0.01308   0.02361   0.05077   0.09392   0.14228   0.18250   0.08521   0.07804   0.28489   0.43711  
 52  0.0000  13434.362383  x:  0.00442   0.01700   0.22654   0.15187   0.12787   0.01017   0.16166   0.04736   0.06790   0.02005   0.05142   0.02789   0.01936   0.02125   0.02050   0.01365   0.00108   0.05579   0.06342   0.03218   0.07797   0.05714   0.02266   0.00086   0.02039   0.01234   0.00000   0.01044   0.02337   0.08079   0.03627   0.01308   0.02361   0.05077   0.09392   0.14228   0.18250   0.08521   0.07804   0.28489   0.43711  
 53  0.0000  13434.362383  x:  0.00442   0.01700   0.22654   0.15187   0.12787   0.01017   0.16166   0.04736   0.06790   0.02005   0.05142   0.02789   0.01936   0.02125   0.02050   0.01365   0.00108   0.05579   0.06342   0.03218   0.07797   0.05714   0.02266   0.00086   0.02039   0.01234   0.00000   0.01044   0.02337   0.08079   0.03627   0.01308   0.02361   0.05077   0.09392   0.14228   0.18250   0.08521   0.07804   0.28490   0.43711  